"2016-07-15 at 16:43"
Date(Y-M-D) Time(H:M:S) CO2(ppm) H2O(ppt) H2O(C) Cell_Temperature(C) Cell_Pressure(kPa) CO2_Absorption H2O_Absorption
2016-07-15 16:43:35 388.09 11.12 8.35 50.32 99.15 0.0722 0.0746
2016-07-15 16:43:36 385.82 10.70 7.79 50.32 99.14 0.0718 0.0726
2016-07-15 16:43:37 383.37 10.28 7.20 50.32 99.14 0.0715 0.0705
2016-07-15 16:43:38 382.90 9.96 6.74 50.32 99.14 0.0714 0.0689
2016-07-15 16:43:39 383.16 9.94 6.71 50.32 99.16 0.0715 0.0688
2016-07-15 16:43:40 382.83 9.99 6.79 50.32 99.18 0.0715 0.0691
2016-07-15 16:43:41 383.69 10.43 7.42 50.32 99.20 0.0716 0.0713
2016-07-15 16:43:42 384.46 10.74 7.83 50.32 99.18 0.0717 0.0728
2016-07-15 16:43:43 383.98 11.12 8.35 50.32 99.18 0.0716 0.0746
2016-07-15 16:43:44 384.59 11.36 8.66 50.32 99.18 0.0717 0.0758
2016-07-15 16:43:45 384.99 11.96 9.42 50.32 99.17 0.0718 0.0786
2016-07-15 16:43:46 384.86 12.04 9.52 50.34 99.17 0.0717 0.0790
2016-07-15 16:43:47 385.48 12.28 9.82 50.34 99.17 0.0718 0.0801
2016-07-15 16:43:48 386.24 12.57 10.17 50.34 99.19 0.0720 0.0815
2016-07-15 16:43:49 386.93 12.82 10.47 50.34 99.19 0.0721 0.0826
2016-07-15 16:43:50 388.15 13.03 10.71 50.34 99.19 0.0722 0.0836
2016-07-15 16:43:51 389.04 13.23 10.94 50.34 99.17 0.0723 0.0845
2016-07-15 16:43:52 389.80 13.44 11.17 50.34 99.17 0.0724 0.0854
2016-07-15 16:43:53 390.53 13.65 11.41 50.34 99.15 0.0725 0.0863
2016-07-15 16:43:54 391.58 13.83 11.61 50.34 99.17 0.0727 0.0871
2016-07-15 16:43:55 392.07 13.99 11.78 50.34 99.19 0.0728 0.0878
2016-07-15 16:43:56 393.07 14.15 11.96 50.34 99.17 0.0729 0.0885
2016-07-15 16:43:57 393.32 14.27 12.08 50.34 99.19 0.0729 0.0890
2016-07-15 16:43:58 394.87 14.38 12.21 50.34 99.21 0.0732 0.0895
2016-07-15 16:43:59 395.33 14.50 12.33 50.34 99.17 0.0732 0.0900
2016-07-15 16:44:00 396.18 14.60 12.43 50.34 99.19 0.0733 0.0905
2016-07-15 16:44:01 396.96 14.70 12.54 50.34 99.17 0.0734 0.0909
2016-07-15 16:44:02 397.34 14.79 12.63 50.34 99.21 0.0735 0.0913
2016-07-15 16:44:03 397.56 14.89 12.73 50.34 99.19 0.0735 0.0917
2016-07-15 16:44:04 398.47 15.00 12.84 50.34 99.19 0.0736 0.0922
2016-07-15 16:44:05 398.88 15.08 12.92 50.34 99.19 0.0737 0.0925
2016-07-15 16:44:06 399.24 15.16 13.00 50.34 99.17 0.0737 0.0928
2016-07-15 16:44:07 399.52 15.23 13.07 50.34 99.19 0.0738 0.0931
2016-07-15 16:44:08 399.70 15.28 13.12 50.34 99.15 0.0738 0.0933
2016-07-15 16:44:09 399.82 15.32 13.16 50.34 99.19 0.0738 0.0935
2016-07-15 16:44:10 400.02 15.40 13.25 50.34 99.19 0.0739 0.0939
2016-07-15 16:44:11 400.66 15.46 13.30 50.34 99.17 0.0739 0.0941
2016-07-15 16:44:12 400.63 15.53 13.38 50.34 99.21 0.0740 0.0944
2016-07-15 16:44:13 401.89 15.60 13.45 50.34 99.19 0.0741 0.0947
2016-07-15 16:44:14 402.30 15.67 13.51 50.34 99.17 0.0742 0.0949
2016-07-15 16:44:15 402.68 15.71 13.55 50.34 99.17 0.0742 0.0951
2016-07-15 16:44:16 403.37 15.75 13.59 50.34 99.15 0.0743 0.0953
2016-07-15 16:44:17 403.63 15.78 13.61 50.34 99.17 0.0743 0.0954
2016-07-15 16:44:18 403.67 15.82 13.66 50.34 99.19 0.0744 0.0956
2016-07-15 16:44:19 404.35 15.86 13.70 50.34 99.21 0.0745 0.0958
2016-07-15 16:44:20 404.98 15.90 13.73 50.34 99.19 0.0745 0.0959
2016-07-15 16:44:21 405.08 15.92 13.76 50.34 99.19 0.0746 0.0960
2016-07-15 16:44:22 405.32 15.94 13.77 50.34 99.17 0.0746 0.0961
2016-07-15 16:44:23 406.37 16.01 13.84 50.37 99.17 0.0747 0.0963
2016-07-15 16:44:24 406.40 16.04 13.87 50.34 99.17 0.0747 0.0965
2016-07-15 16:44:25 406.95 16.08 13.91 50.34 99.19 0.0748 0.0967
2016-07-15 16:44:26 406.82 16.10 13.93 50.34 99.21 0.0748 0.0967
2016-07-15 16:44:27 408.13 16.17 14.00 50.34 99.19 0.0750 0.0970
2016-07-15 16:44:28 407.63 16.18 14.01 50.34 99.19 0.0749 0.0971
2016-07-15 16:44:29 405.81 16.23 14.05 50.37 99.17 0.0746 0.0972
2016-07-15 16:44:30 407.21 16.27 14.08 50.37 99.15 0.0748 0.0974
2016-07-15 16:44:31 408.13 16.31 14.12 50.37 99.17 0.0749 0.0975
2016-07-15 16:44:32 407.85 16.31 14.13 50.34 99.19 0.0749 0.0976
2016-07-15 16:44:33 408.54 16.34 14.16 50.34 99.21 0.0750 0.0977
2016-07-15 16:44:34 411.54 16.37 14.19 50.34 99.19 0.0754 0.0978
2016-07-15 16:44:35 410.28 16.38 14.20 50.34 99.19 0.0753 0.0979
2016-07-15 16:44:36 410.72 16.41 14.22 50.37 99.17 0.0753 0.0979
2016-07-15 16:44:37 411.06 16.42 14.24 50.37 99.19 0.0754 0.0980
2016-07-15 16:44:38 411.30 16.44 14.25 50.37 99.19 0.0754 0.0981
2016-07-15 16:44:39 411.40 16.46 14.27 50.37 99.19 0.0754 0.0982
2016-07-15 16:44:40 412.01 16.47 14.28 50.34 99.17 0.0755 0.0982
2016-07-15 16:44:42 411.94 16.51 14.32 50.34 99.19 0.0755 0.0984
2016-07-15 16:44:43 411.77 16.52 14.33 50.34 99.21 0.0755 0.0984
2016-07-15 16:44:44 412.28 16.55 14.35 50.34 99.17 0.0755 0.0985
2016-07-15 16:44:45 412.73 16.56 14.36 50.37 99.17 0.0756 0.0986
2016-07-15 16:44:46 413.11 16.60 14.40 50.40 99.17 0.0756 0.0987
2016-07-15 16:44:47 413.27 16.59 14.39 50.37 99.19 0.0757 0.0987
2016-07-15 16:44:48 413.28 16.61 14.41 50.34 99.18 0.0757 0.0988
2016-07-15 16:44:49 413.42 16.61 14.42 50.34 99.21 0.0757 0.0988
2016-07-15 16:44:50 413.46 16.64 14.44 50.34 99.21 0.0757 0.0989
2016-07-15 16:44:51 413.81 16.66 14.46 50.34 99.21 0.0757 0.0990
2016-07-15 16:44:52 413.35 16.67 14.47 50.37 99.22 0.0757 0.0990
2016-07-15 16:44:53 414.10 16.69 14.48 50.37 99.20 0.0758 0.0991
2016-07-15 16:44:54 414.16 16.72 14.51 50.34 99.20 0.0758 0.0992
2016-07-15 16:44:55 414.34 16.73 14.53 50.34 99.20 0.0758 0.0993
2016-07-15 16:44:56 414.27 16.77 14.56 50.34 99.22 0.0758 0.0994
2016-07-15 16:44:57 414.67 16.77 14.56 50.34 99.24 0.0759 0.0995
2016-07-15 16:44:58 414.68 16.79 14.58 50.34 99.22 0.0759 0.0995
2016-07-15 16:44:59 415.14 16.81 14.60 50.34 99.22 0.0759 0.0996
2016-07-15 16:45:00 415.45 16.81 14.60 50.37 99.20 0.0760 0.0996
2016-07-15 16:45:01 415.92 16.80 14.59 50.37 99.20 0.0760 0.0996
2016-07-15 16:45:02 416.00 16.84 14.62 50.37 99.20 0.0760 0.0997
2016-07-15 16:45:03 415.96 16.84 14.63 50.34 99.22 0.0760 0.0997
2016-07-15 16:45:04 416.42 16.84 14.63 50.34 99.22 0.0761 0.0997
2016-07-15 16:45:05 416.31 16.88 14.66 50.34 99.22 0.0761 0.0999
2016-07-15 16:45:06 416.26 16.89 14.68 50.34 99.22 0.0761 0.0999
2016-07-15 16:45:07 416.57 16.90 14.68 50.34 99.22 0.0761 0.1000
2016-07-15 16:45:08 417.17 16.92 14.69 50.34 99.18 0.0762 0.1000
2016-07-15 16:45:09 417.04 16.93 14.70 50.34 99.20 0.0762 0.1001
2016-07-15 16:45:10 417.98 16.93 14.71 50.34 99.22 0.0763 0.1001
2016-07-15 16:45:11 417.64 16.93 14.71 50.34 99.22 0.0763 0.1001
2016-07-15 16:45:12 417.86 16.94 14.72 50.34 99.22 0.0763 0.1001
2016-07-15 16:45:13 417.83 16.96 14.73 50.34 99.20 0.0763 0.1002
2016-07-15 16:45:14 417.61 16.97 14.74 50.37 99.22 0.0763 0.1002
2016-07-15 16:45:15 417.28 16.97 14.74 50.40 99.20 0.0762 0.1002
2016-07-15 16:45:16 417.75 16.98 14.76 50.37 99.23 0.0763 0.1003
2016-07-15 16:45:17 417.88 16.99 14.77 50.34 99.23 0.0763 0.1004
2016-07-15 16:45:18 418.50 17.00 14.77 50.34 99.20 0.0764 0.1004
2016-07-15 16:45:19 418.22 16.97 14.75 50.34 99.24 0.0764 0.1003
2016-07-15 16:45:20 419.42 17.00 14.78 50.34 99.22 0.0765 0.1004
2016-07-15 16:45:21 419.12 16.99 14.77 50.34 99.22 0.0765 0.1003
2016-07-15 16:45:22 419.50 16.99 14.76 50.34 99.22 0.0765 0.1003
2016-07-15 16:45:23 419.63 17.00 14.77 50.34 99.20 0.0765 0.1004
2016-07-15 16:45:24 419.15 17.00 14.77 50.34 99.23 0.0765 0.1004
2016-07-15 16:45:25 419.40 17.02 14.79 50.34 99.21 0.0765 0.1004
2016-07-15 16:45:26 418.93 17.01 14.79 50.34 99.23 0.0764 0.1004
2016-07-15 16:45:27 418.41 17.04 14.82 50.34 99.22 0.0764 0.1005
2016-07-15 16:45:28 418.97 17.07 14.84 50.34 99.22 0.0764 0.1006
2016-07-15 16:45:29 418.67 17.08 14.85 50.34 99.23 0.0764 0.1007
2016-07-15 16:45:30 417.04 17.09 14.85 50.34 99.21 0.0762 0.1007
2016-07-15 16:45:31 418.52 17.10 14.86 50.37 99.21 0.0764 0.1007
2016-07-15 16:45:32 419.41 17.10 14.86 50.34 99.21 0.0765 0.1008
2016-07-15 16:45:33 418.79 17.10 14.87 50.34 99.23 0.0764 0.1008
2016-07-15 16:45:34 419.52 17.09 14.86 50.34 99.23 0.0765 0.1008
2016-07-15 16:45:35 421.03 17.10 14.87 50.34 99.22 0.0767 0.1008
2016-07-15 16:45:36 420.31 17.10 14.86 50.34 99.22 0.0766 0.1008
2016-07-15 16:45:37 419.73 17.09 14.86 50.40 99.23 0.0765 0.1007
