"2016-07-23 at 16:28"
Date(Y-M-D) Time(H:M:S) CO2(ppm) H2O(ppt) H2O(C) Cell_Temperature(C) Cell_Pressure(kPa) CO2_Absorption H2O_Absorption
2016-07-23 16:28:32 373.85 21.65 18.22 50.34 96.98 0.0687 0.1153
2016-07-23 16:28:33 373.72 21.64 18.21 50.34 96.99 0.0687 0.1153
2016-07-23 16:28:34 373.72 21.66 18.22 50.34 96.99 0.0687 0.1153
2016-07-23 16:28:35 374.02 21.63 18.20 50.34 96.97 0.0687 0.1152
2016-07-23 16:28:36 374.03 21.61 18.18 50.34 96.97 0.0687 0.1152
2016-07-23 16:28:37 373.88 21.58 18.17 50.34 97.00 0.0687 0.1151
2016-07-23 16:28:38 374.23 21.59 18.18 50.34 97.00 0.0687 0.1151
2016-07-23 16:28:39 373.39 21.42 18.05 50.34 97.00 0.0686 0.1146
2016-07-23 16:28:40 373.19 21.40 18.04 50.34 97.02 0.0686 0.1145
2016-07-23 16:28:41 373.39 21.47 18.09 50.34 97.00 0.0686 0.1147
2016-07-23 16:28:42 373.93 21.79 18.32 50.34 97.02 0.0687 0.1158
2016-07-23 16:28:43 374.41 22.09 18.54 50.34 97.02 0.0688 0.1169
2016-07-23 16:28:44 374.86 22.56 18.88 50.34 97.02 0.0688 0.1185
2016-07-23 16:28:45 376.81 23.10 19.26 50.34 97.02 0.0691 0.1203
2016-07-23 16:28:46 377.95 23.60 19.60 50.34 97.01 0.0693 0.1219
2016-07-23 16:28:47 379.12 23.91 19.81 50.34 97.01 0.0694 0.1229
2016-07-23 16:28:48 380.94 24.30 20.08 50.34 97.03 0.0697 0.1242
2016-07-23 16:28:49 383.08 24.68 20.32 50.34 97.01 0.0700 0.1254
2016-07-23 16:28:50 385.33 24.97 20.52 50.34 97.05 0.0703 0.1264
2016-07-23 16:28:51 386.42 25.22 20.67 50.34 97.01 0.0704 0.1272
2016-07-23 16:28:52 388.96 25.54 20.88 50.34 97.03 0.0708 0.1282
2016-07-23 16:28:53 390.60 25.72 20.99 50.34 97.00 0.0710 0.1287
2016-07-23 16:28:54 392.41 25.94 21.14 50.34 97.02 0.0712 0.1295
2016-07-23 16:28:55 392.73 26.09 21.23 50.34 97.03 0.0713 0.1299
2016-07-23 16:28:56 397.09 26.37 21.40 50.34 97.03 0.0719 0.1308
2016-07-23 16:28:57 397.49 26.47 21.47 50.34 97.05 0.0719 0.1311
2016-07-23 16:28:58 400.07 26.70 21.61 50.34 97.03 0.0723 0.1318
2016-07-23 16:28:59 402.96 26.90 21.73 50.34 97.03 0.0727 0.1324
2016-07-23 16:29:00 406.62 27.08 21.84 50.34 97.01 0.0731 0.1330
2016-07-23 16:29:01 407.30 27.23 21.92 50.34 97.01 0.0732 0.1334
2016-07-23 16:29:02 412.26 27.42 22.04 50.34 97.01 0.0739 0.1340
2016-07-23 16:29:03 414.30 27.55 22.12 50.34 97.01 0.0741 0.1344
2016-07-23 16:29:04 415.37 27.68 22.20 50.34 97.03 0.0743 0.1348
2016-07-23 16:29:05 419.66 27.82 22.28 50.34 97.01 0.0748 0.1352
2016-07-23 16:29:06 417.55 27.86 22.30 50.34 97.03 0.0746 0.1353
2016-07-23 16:29:07 420.12 28.00 22.39 50.34 97.01 0.0749 0.1358
2016-07-23 16:29:08 421.56 28.11 22.45 50.34 97.03 0.0751 0.1361
2016-07-23 16:29:09 423.99 28.23 22.52 50.37 97.01 0.0754 0.1364
2016-07-23 16:29:10 424.50 28.32 22.57 50.34 97.01 0.0755 0.1367
2016-07-23 16:29:11 427.83 28.44 22.64 50.34 97.01 0.0759 0.1371
2016-07-23 16:29:12 428.74 28.52 22.69 50.34 97.03 0.0760 0.1373
2016-07-23 16:29:13 432.11 28.66 22.77 50.34 97.01 0.0765 0.1377
2016-07-23 16:29:14 430.26 28.69 22.79 50.34 97.03 0.0762 0.1378
2016-07-23 16:29:15 433.85 28.82 22.86 50.34 97.03 0.0767 0.1382
2016-07-23 16:29:16 434.34 28.91 22.91 50.34 97.01 0.0768 0.1385
2016-07-23 16:29:17 437.12 29.01 22.97 50.34 97.01 0.0771 0.1387
2016-07-23 16:29:18 438.13 29.07 23.00 50.34 97.03 0.0773 0.1389
2016-07-23 16:29:19 439.21 29.16 23.05 50.34 97.03 0.0774 0.1392
2016-07-23 16:29:20 439.93 29.21 23.08 50.34 97.03 0.0775 0.1394
2016-07-23 16:29:21 441.44 29.30 23.13 50.34 97.03 0.0777 0.1396
2016-07-23 16:29:22 442.05 29.36 23.17 50.34 97.03 0.0778 0.1398
2016-07-23 16:29:23 442.89 29.44 23.21 50.34 97.01 0.0778 0.1400
2016-07-23 16:29:24 445.08 29.52 23.26 50.34 97.03 0.0781 0.1403
2016-07-23 16:29:25 446.59 29.58 23.29 50.34 97.03 0.0783 0.1404
2016-07-23 16:29:26 448.55 29.65 23.33 50.34 97.03 0.0786 0.1406
2016-07-23 16:29:27 448.87 29.70 23.36 50.34 97.01 0.0786 0.1408
2016-07-23 16:29:28 450.77 29.74 23.38 50.34 97.03 0.0789 0.1409
2016-07-23 16:29:29 453.01 29.77 23.40 50.34 97.03 0.0791 0.1410
2016-07-23 16:29:30 453.76 29.84 23.43 50.34 96.99 0.0792 0.1411
2016-07-23 16:29:31 452.79 29.82 23.43 50.34 97.03 0.0791 0.1411
2016-07-23 16:29:32 454.49 29.86 23.45 50.34 97.03 0.0793 0.1413
2016-07-23 16:29:33 454.65 29.89 23.47 50.34 97.03 0.0794 0.1413
2016-07-23 16:29:34 455.80 29.94 23.50 50.34 97.03 0.0795 0.1415
2016-07-23 16:29:35 455.61 29.96 23.51 50.34 97.03 0.0795 0.1415
2016-07-23 16:29:36 457.93 30.04 23.55 50.34 97.03 0.0798 0.1418
2016-07-23 16:29:37 459.60 30.08 23.57 50.34 97.01 0.0800 0.1418
2016-07-23 16:29:38 461.17 30.13 23.59 50.37 96.99 0.0801 0.1420
2016-07-23 16:29:40 461.84 30.14 23.60 50.34 96.99 0.0802 0.1420
2016-07-23 16:29:41 463.99 30.18 23.62 50.34 97.01 0.0805 0.1421
2016-07-23 16:29:42 464.62 30.20 23.64 50.34 97.03 0.0806 0.1422
2016-07-23 16:29:43 464.30 30.23 23.65 50.34 97.03 0.0806 0.1423
2016-07-23 16:29:44 464.89 30.25 23.66 50.34 97.03 0.0806 0.1424
2016-07-23 16:29:45 466.69 30.30 23.69 50.34 97.01 0.0808 0.1425
2016-07-23 16:29:46 465.31 30.30 23.69 50.34 97.01 0.0807 0.1425
2016-07-23 16:29:47 466.38 30.32 23.70 50.34 97.01 0.0808 0.1425
2016-07-23 16:29:48 467.18 30.36 23.72 50.34 97.01 0.0809 0.1427
2016-07-23 16:29:49 468.46 30.38 23.73 50.34 97.03 0.0811 0.1427
2016-07-23 16:29:50 467.60 30.38 23.74 50.34 97.03 0.0810 0.1427
2016-07-23 16:29:51 468.72 30.43 23.76 50.34 97.01 0.0811 0.1428
2016-07-23 16:29:52 468.03 30.45 23.77 50.34 97.01 0.0810 0.1429
2016-07-23 16:29:53 470.42 30.42 23.75 50.37 97.01 0.0813 0.1428
2016-07-23 16:29:54 471.55 30.43 23.76 50.37 97.01 0.0814 0.1428
2016-07-23 16:29:55 471.41 30.42 23.75 50.34 97.01 0.0814 0.1428
2016-07-23 16:29:56 471.67 30.43 23.76 50.34 97.03 0.0815 0.1429
2016-07-23 16:29:57 472.55 30.41 23.75 50.34 97.03 0.0816 0.1428
2016-07-23 16:29:58 472.14 30.46 23.78 50.34 97.03 0.0815 0.1430
2016-07-23 16:29:59 471.17 30.47 23.79 50.34 97.03 0.0814 0.1430
2016-07-23 16:30:00 472.71 30.52 23.81 50.34 97.01 0.0816 0.1431
2016-07-23 16:30:01 473.61 30.53 23.82 50.34 97.01 0.0817 0.1432
2016-07-23 16:30:02 474.13 30.56 23.83 50.34 97.03 0.0818 0.1432
2016-07-23 16:30:03 474.42 30.57 23.84 50.34 97.03 0.0818 0.1433
2016-07-23 16:30:04 473.61 30.55 23.83 50.34 97.03 0.0817 0.1432
2016-07-23 16:30:05 473.96 30.57 23.84 50.34 97.03 0.0818 0.1433
2016-07-23 16:30:06 473.64 30.58 23.85 50.34 97.03 0.0817 0.1433
2016-07-23 16:30:07 473.88 30.60 23.85 50.34 97.01 0.0817 0.1434
2016-07-23 16:30:08 473.99 30.59 23.85 50.34 97.01 0.0817 0.1433
2016-07-23 16:30:09 475.08 30.63 23.87 50.34 97.01 0.0819 0.1434
2016-07-23 16:30:10 475.86 30.61 23.86 50.34 97.03 0.0820 0.1434
2016-07-23 16:30:11 477.04 30.61 23.86 50.34 97.03 0.0821 0.1434
2016-07-23 16:30:12 477.15 30.63 23.87 50.34 97.03 0.0822 0.1435
2016-07-23 16:30:13 477.19 30.65 23.88 50.34 97.01 0.0821 0.1435
2016-07-23 16:30:14 478.17 30.65 23.88 50.34 97.01 0.0823 0.1435
2016-07-23 16:30:15 478.89 30.68 23.89 50.37 97.01 0.0823 0.1436
2016-07-23 16:30:16 479.12 30.69 23.90 50.40 97.01 0.0824 0.1436
2016-07-23 16:30:17 479.70 30.69 23.90 50.37 97.00 0.0824 0.1436
2016-07-23 16:30:18 481.07 30.70 23.91 50.34 97.01 0.0826 0.1436
2016-07-23 16:30:19 481.10 30.71 23.91 50.34 97.03 0.0826 0.1437
2016-07-23 16:30:20 479.19 30.67 23.90 50.34 97.03 0.0824 0.1436
2016-07-23 16:30:21 479.29 30.69 23.90 50.34 97.01 0.0824 0.1436
2016-07-23 16:30:22 480.02 30.70 23.91 50.34 97.01 0.0825 0.1436
2016-07-23 16:30:23 480.58 30.71 23.91 50.34 97.01 0.0826 0.1437
2016-07-23 16:30:24 481.41 30.71 23.91 50.34 97.01 0.0827 0.1437
2016-07-23 16:30:25 483.60 30.76 23.94 50.34 97.01 0.0829 0.1438
2016-07-23 16:30:26 484.55 30.77 23.95 50.34 97.03 0.0831 0.1439
2016-07-23 16:30:27 484.26 30.80 23.96 50.34 97.01 0.0830 0.1439
2016-07-23 16:30:28 482.53 30.76 23.94 50.34 97.03 0.0828 0.1438
2016-07-23 16:30:29 481.84 30.77 23.94 50.34 97.01 0.0827 0.1438
2016-07-23 16:30:30 482.05 30.77 23.95 50.34 97.01 0.0827 0.1438
2016-07-23 16:30:31 482.94 30.78 23.95 50.37 97.01 0.0828 0.1438
2016-07-23 16:30:32 482.84 30.78 23.95 50.34 97.01 0.0828 0.1439
2016-07-23 16:30:33 483.14 30.78 23.95 50.34 97.03 0.0829 0.1439
2016-07-23 16:30:34 486.01 30.85 23.99 50.34 97.01 0.0832 0.1441
2016-07-23 16:30:35 486.75 30.84 23.98 50.34 97.01 0.0833 0.1440
2016-07-23 16:30:36 486.79 30.89 24.01 50.34 97.01 0.0833 0.1442
2016-07-23 16:30:37 486.95 30.86 24.00 50.34 97.03 0.0834 0.1441
2016-07-23 16:30:38 487.64 30.89 24.00 50.34 96.99 0.0834 0.1441
2016-07-23 16:30:39 486.83 30.86 23.99 50.34 97.01 0.0833 0.1441
2016-07-23 16:30:40 485.91 30.86 24.00 50.34 97.03 0.0832 0.1441
2016-07-23 16:30:41 489.20 30.87 24.00 50.34 97.01 0.0836 0.1441
2016-07-23 16:30:42 487.92 30.84 23.99 50.34 97.03 0.0835 0.1441
2016-07-23 16:30:43 488.23 30.85 23.99 50.34 97.01 0.0835 0.1441
2016-07-23 16:30:44 490.06 30.89 24.01 50.34 97.03 0.0837 0.1442
2016-07-23 16:30:45 489.94 30.86 24.00 50.34 97.03 0.0837 0.1441
2016-07-23 16:30:46 487.86 30.89 24.01 50.34 96.99 0.0834 0.1441
2016-07-23 16:30:47 488.74 30.88 24.01 50.34 97.03 0.0836 0.1442
2016-07-23 16:30:48 488.48 30.88 24.01 50.34 97.03 0.0835 0.1442
2016-07-23 16:30:49 488.49 30.87 24.00 50.34 97.03 0.0835 0.1442
2016-07-23 16:30:50 490.05 30.92 24.03 50.34 97.03 0.0837 0.1443
2016-07-23 16:30:51 489.37 30.90 24.02 50.34 97.03 0.0836 0.1442
2016-07-23 16:30:52 492.32 30.90 24.02 50.34 97.03 0.0840 0.1442
2016-07-23 16:30:53 490.94 30.93 24.03 50.34 97.01 0.0838 0.1443
2016-07-23 16:30:54 491.79 30.93 24.03 50.34 97.01 0.0839 0.1443
2016-07-23 16:30:55 490.25 30.89 24.01 50.34 97.01 0.0837 0.1442
2016-07-23 16:30:56 490.62 30.90 24.02 50.34 97.03 0.0838 0.1442
2016-07-23 16:30:57 489.37 30.92 24.03 50.34 97.01 0.0836 0.1443
2016-07-23 16:30:58 492.17 30.91 24.02 50.34 97.01 0.0840 0.1442
2016-07-23 16:30:59 491.88 30.90 24.02 50.34 97.03 0.0840 0.1442
2016-07-23 16:31:00 492.87 30.94 24.03 50.37 97.01 0.0840 0.1443
2016-07-23 16:31:01 493.86 30.95 24.04 50.37 97.01 0.0842 0.1443
2016-07-23 16:31:02 493.57 30.93 24.03 50.34 97.01 0.0841 0.1443
2016-07-23 16:31:03 492.59 30.94 24.04 50.34 97.01 0.0840 0.1443
2016-07-23 16:31:04 492.82 30.93 24.04 50.34 97.03 0.0841 0.1443
2016-07-23 16:31:05 493.61 30.94 24.04 50.34 97.03 0.0842 0.1443
2016-07-23 16:31:06 494.59 30.94 24.04 50.34 97.03 0.0843 0.1443
2016-07-23 16:31:07 494.83 30.98 24.06 50.34 97.01 0.0843 0.1444
2016-07-23 16:31:08 495.35 31.00 24.06 50.34 96.99 0.0843 0.1444
2016-07-23 16:31:09 494.42 31.00 24.07 50.34 97.01 0.0842 0.1445
2016-07-23 16:31:10 493.51 30.99 24.07 50.34 97.03 0.0842 0.1445
2016-07-23 16:31:11 493.80 31.01 24.08 50.34 97.03 0.0842 0.1445
2016-07-23 16:31:12 494.01 31.00 24.07 50.34 97.03 0.0842 0.1445
2016-07-23 16:31:13 494.23 31.00 24.07 50.34 97.03 0.0842 0.1445
2016-07-23 16:31:14 494.62 31.01 24.08 50.34 97.01 0.0843 0.1445
2016-07-23 16:31:15 494.43 30.99 24.07 50.34 97.01 0.0842 0.1445
2016-07-23 16:31:16 494.44 30.97 24.05 50.34 97.01 0.0842 0.1444
2016-07-23 16:31:17 494.16 30.97 24.05 50.34 97.03 0.0842 0.1444
2016-07-23 16:31:18 495.34 30.94 24.04 50.34 97.03 0.0844 0.1444
2016-07-23 16:31:19 495.02 30.93 24.03 50.34 97.03 0.0843 0.1443
2016-07-23 16:31:20 495.40 30.95 24.04 50.34 97.03 0.0844 0.1444
2016-07-23 16:31:21 495.19 30.94 24.03 50.34 97.01 0.0843 0.1443
2016-07-23 16:31:22 494.88 30.92 24.03 50.34 97.03 0.0843 0.1443
2016-07-23 16:31:23 495.46 30.95 24.04 50.37 96.99 0.0843 0.1443
2016-07-23 16:31:24 495.14 30.92 24.03 50.34 97.03 0.0843 0.1443
2016-07-23 16:31:25 495.18 30.91 24.02 50.34 97.03 0.0844 0.1443
2016-07-23 16:31:26 496.50 30.91 24.02 50.34 97.03 0.0845 0.1443
2016-07-23 16:31:27 496.66 30.92 24.03 50.34 97.01 0.0845 0.1443
2016-07-23 16:31:28 495.57 30.90 24.02 50.34 97.03 0.0844 0.1442
2016-07-23 16:31:29 496.65 30.90 24.02 50.34 97.03 0.0845 0.1442
2016-07-23 16:31:30 496.58 30.91 24.02 50.34 97.01 0.0845 0.1442
2016-07-23 16:31:31 496.45 30.90 24.02 50.34 97.01 0.0845 0.1442
2016-07-23 16:31:32 496.19 30.89 24.01 50.34 97.01 0.0845 0.1442
2016-07-23 16:31:33 496.09 30.85 23.99 50.34 97.03 0.0845 0.1441
2016-07-23 16:31:34 495.07 30.83 23.98 50.34 97.03 0.0843 0.1440
2016-07-23 16:31:35 495.62 30.83 23.98 50.34 97.03 0.0844 0.1440
2016-07-23 16:31:36 493.47 30.79 23.95 50.34 97.01 0.0841 0.1439
2016-07-23 16:31:37 494.79 30.80 23.96 50.34 97.01 0.0843 0.1439
2016-07-23 16:31:38 495.09 30.82 23.97 50.34 97.01 0.0843 0.1440
2016-07-23 16:31:39 496.55 30.82 23.97 50.34 97.01 0.0845 0.1440
2016-07-23 16:31:40 497.14 30.81 23.97 50.34 97.01 0.0846 0.1439
2016-07-23 16:31:41 499.92 30.85 23.99 50.34 97.03 0.0849 0.1441
2016-07-23 16:31:42 499.10 30.84 23.99 50.34 97.03 0.0848 0.1441
2016-07-23 16:31:43 499.72 30.84 23.98 50.34 97.01 0.0849 0.1440
2016-07-23 16:31:44 499.68 30.85 23.99 50.40 97.01 0.0849 0.1440
2016-07-23 16:31:45 499.11 30.86 23.99 50.34 96.99 0.0848 0.1440
2016-07-23 16:31:46 498.49 30.85 23.99 50.34 97.01 0.0847 0.1440
2016-07-23 16:31:47 498.60 30.83 23.98 50.34 97.03 0.0848 0.1440
2016-07-23 16:31:48 498.87 30.85 23.99 50.34 97.01 0.0848 0.1441
2016-07-23 16:31:49 498.84 30.81 23.97 50.34 97.05 0.0848 0.1440
2016-07-23 16:31:50 498.76 30.83 23.98 50.34 97.01 0.0848 0.1440
2016-07-23 16:31:51 500.26 30.80 23.96 50.34 97.01 0.0849 0.1439
2016-07-23 16:31:52 500.18 30.80 23.96 50.34 97.01 0.0849 0.1439
2016-07-23 16:31:53 499.64 30.78 23.95 50.34 97.03 0.0849 0.1439
2016-07-23 16:31:54 499.05 30.78 23.95 50.34 97.03 0.0848 0.1439
2016-07-23 16:31:55 501.26 30.79 23.96 50.34 97.03 0.0851 0.1439
