"2016-07-23 at 16:22"
Date(Y-M-D) Time(H:M:S) CO2(ppm) H2O(ppt) H2O(C) Cell_Temperature(C) Cell_Pressure(kPa) CO2_Absorption H2O_Absorption
2016-07-23 16:22:30 369.93 21.46 18.08 50.32 97.02 0.0682 0.1147
2016-07-23 16:22:31 370.00 21.48 18.09 50.32 97.00 0.0681 0.1148
2016-07-23 16:22:32 370.33 21.54 18.14 50.34 97.00 0.0682 0.1150
2016-07-23 16:22:33 370.36 21.59 18.18 50.34 97.00 0.0682 0.1151
2016-07-23 16:22:34 370.89 21.67 18.23 50.34 96.97 0.0683 0.1154
2016-07-23 16:22:35 383.39 21.73 18.27 50.34 97.00 0.0700 0.1156
2016-07-23 16:22:36 384.77 21.74 18.29 50.34 97.03 0.0702 0.1157
2016-07-23 16:22:37 384.30 21.73 18.28 50.34 97.01 0.0701 0.1156
2016-07-23 16:22:38 385.36 21.85 18.37 50.34 97.03 0.0703 0.1160
2016-07-23 16:22:39 386.83 22.02 18.50 50.34 97.03 0.0705 0.1167
2016-07-23 16:22:40 376.05 22.38 18.75 50.34 97.01 0.0690 0.1178
2016-07-23 16:22:41 377.10 22.84 19.07 50.34 97.01 0.0691 0.1194
2016-07-23 16:22:42 380.52 23.43 19.49 50.34 97.01 0.0696 0.1214
2016-07-23 16:22:43 383.33 23.98 19.87 50.34 97.04 0.0700 0.1232
2016-07-23 16:22:44 387.35 24.58 20.26 50.34 97.04 0.0706 0.1251
2016-07-23 16:22:45 394.97 25.07 20.58 50.34 97.02 0.0716 0.1267
2016-07-23 16:22:46 393.93 25.51 20.87 50.34 97.02 0.0714 0.1281
2016-07-23 16:22:47 398.31 25.89 21.11 50.34 97.04 0.0720 0.1293
2016-07-23 16:22:48 403.45 26.29 21.36 50.34 97.04 0.0727 0.1306
2016-07-23 16:22:49 407.20 26.64 21.57 50.34 97.00 0.0732 0.1316
2016-07-23 16:22:50 405.70 26.88 21.72 50.34 97.04 0.0730 0.1324
2016-07-23 16:22:51 415.72 27.22 21.93 50.34 97.04 0.0744 0.1334
2016-07-23 16:22:52 418.58 27.51 22.10 50.34 97.04 0.0747 0.1343
2016-07-23 16:22:53 420.55 27.75 22.24 50.34 97.04 0.0750 0.1350
2016-07-23 16:22:54 424.37 28.04 22.41 50.34 97.02 0.0755 0.1359
2016-07-23 16:22:55 428.04 28.29 22.56 50.34 97.04 0.0760 0.1367
2016-07-23 16:22:56 430.06 28.51 22.69 50.34 97.02 0.0762 0.1373
2016-07-23 16:22:57 432.20 28.70 22.80 50.34 97.04 0.0765 0.1379
2016-07-23 16:22:58 435.51 28.92 22.92 50.34 97.02 0.0769 0.1385
2016-07-23 16:22:59 437.64 29.09 23.02 50.34 97.04 0.0772 0.1390
2016-07-23 16:23:00 439.19 29.19 23.08 50.34 97.04 0.0774 0.1393
2016-07-23 16:23:01 440.96 29.38 23.18 50.34 97.02 0.0776 0.1398
2016-07-23 16:23:02 443.78 29.55 23.28 50.34 97.02 0.0780 0.1404
2016-07-23 16:23:03 446.42 29.70 23.36 50.37 97.04 0.0783 0.1408
2016-07-23 16:23:04 446.75 29.80 23.41 50.34 97.02 0.0784 0.1411
2016-07-23 16:23:05 449.36 29.96 23.50 50.34 97.02 0.0787 0.1415
2016-07-23 16:23:06 452.74 30.11 23.59 50.34 97.02 0.0791 0.1420
2016-07-23 16:23:07 455.36 30.27 23.68 50.34 97.04 0.0795 0.1424
2016-07-23 16:23:08 457.50 30.39 23.75 50.34 97.04 0.0797 0.1428
2016-07-23 16:23:09 459.10 30.51 23.81 50.34 97.04 0.0799 0.1431
2016-07-23 16:23:10 460.02 30.61 23.87 50.34 97.04 0.0800 0.1434
2016-07-23 16:23:11 460.04 30.66 23.89 50.34 97.00 0.0800 0.1435
2016-07-23 16:23:12 459.54 30.68 23.90 50.34 97.02 0.0800 0.1436
2016-07-23 16:23:13 460.71 30.75 23.94 50.34 97.04 0.0801 0.1438
2016-07-23 16:23:14 463.40 30.85 23.99 50.34 97.04 0.0805 0.1441
2016-07-23 16:23:15 464.65 30.93 24.03 50.34 97.02 0.0806 0.1443
2016-07-23 16:23:16 466.17 31.02 24.09 50.37 97.04 0.0808 0.1446
2016-07-23 16:23:17 468.71 31.14 24.15 50.37 97.04 0.0811 0.1449
2016-07-23 16:23:18 471.60 31.28 24.22 50.37 97.00 0.0814 0.1453
2016-07-23 16:23:19 471.56 31.33 24.25 50.37 97.06 0.0815 0.1455
2016-07-23 16:23:20 474.16 31.43 24.30 50.34 97.02 0.0818 0.1457
2016-07-23 16:23:21 476.53 31.51 24.35 50.34 97.04 0.0821 0.1460
2016-07-23 16:23:22 477.93 31.61 24.39 50.34 97.02 0.0823 0.1462
2016-07-23 16:23:23 478.46 31.65 24.42 50.34 97.02 0.0823 0.1463
2016-07-23 16:23:24 479.60 31.71 24.45 50.34 97.04 0.0825 0.1465
2016-07-23 16:23:25 480.01 31.76 24.48 50.37 97.04 0.0825 0.1466
2016-07-23 16:23:26 481.79 31.85 24.52 50.34 97.00 0.0827 0.1469
2016-07-23 16:23:27 481.69 31.85 24.53 50.34 97.04 0.0827 0.1469
2016-07-23 16:23:28 480.80 31.86 24.53 50.34 97.04 0.0826 0.1469
2016-07-23 16:23:29 482.22 31.90 24.55 50.34 97.04 0.0828 0.1471
2016-07-23 16:23:30 482.40 31.93 24.56 50.34 97.02 0.0828 0.1471
2016-07-23 16:23:31 480.47 31.88 24.54 50.34 97.04 0.0826 0.1470
2016-07-23 16:23:32 481.40 31.91 24.55 50.37 97.02 0.0827 0.1470
2016-07-23 16:23:33 481.16 31.93 24.56 50.40 97.02 0.0826 0.1471
2016-07-23 16:23:34 481.22 31.94 24.57 50.34 97.00 0.0826 0.1471
2016-07-23 16:23:35 482.13 31.96 24.58 50.34 97.04 0.0828 0.1472
2016-07-23 16:23:36 483.66 32.04 24.62 50.34 97.04 0.0830 0.1474
2016-07-23 16:23:37 484.49 32.11 24.66 50.34 97.04 0.0831 0.1476
2016-07-23 16:23:38 486.09 32.15 24.68 50.34 97.04 0.0833 0.1477
2016-07-23 16:23:39 487.48 32.24 24.73 50.34 97.02 0.0834 0.1480
2016-07-23 16:23:40 488.64 32.31 24.76 50.37 97.02 0.0836 0.1482
2016-07-23 16:23:41 488.57 32.34 24.78 50.34 97.02 0.0836 0.1483
2016-07-23 16:23:42 490.61 32.41 24.81 50.34 97.00 0.0838 0.1484
2016-07-23 16:23:43 490.19 32.44 24.83 50.34 97.04 0.0838 0.1485
2016-07-23 16:23:44 490.14 32.46 24.84 50.34 97.04 0.0838 0.1486
2016-07-23 16:23:45 486.21 32.48 24.85 50.34 97.04 0.0833 0.1486
2016-07-23 16:23:46 488.17 32.50 24.87 50.34 97.04 0.0835 0.1487
2016-07-23 16:23:47 487.25 32.53 24.88 50.34 97.02 0.0834 0.1488
2016-07-23 16:23:48 488.93 32.60 24.91 50.34 97.00 0.0836 0.1489
2016-07-23 16:23:49 488.28 32.61 24.92 50.34 97.02 0.0835 0.1490
2016-07-23 16:23:50 491.32 32.62 24.92 50.34 97.02 0.0839 0.1490
2016-07-23 16:23:51 490.42 32.64 24.93 50.34 97.04 0.0838 0.1491
2016-07-23 16:23:52 489.96 32.64 24.94 50.34 97.04 0.0838 0.1491
2016-07-23 16:23:53 489.13 32.64 24.94 50.34 97.04 0.0837 0.1491
2016-07-23 16:23:54 489.66 32.69 24.96 50.34 97.02 0.0837 0.1492
2016-07-23 16:23:55 490.74 32.75 24.99 50.34 97.02 0.0838 0.1494
2016-07-23 16:23:56 490.43 32.76 24.99 50.34 97.02 0.0838 0.1494
2016-07-23 16:23:57 490.17 32.79 25.01 50.34 97.02 0.0838 0.1495
2016-07-23 16:23:58 490.57 32.81 25.02 50.34 97.04 0.0838 0.1496
2016-07-23 16:23:59 489.50 32.84 25.03 50.34 97.02 0.0837 0.1496
2016-07-23 16:24:00 489.82 32.86 25.04 50.34 97.02 0.0837 0.1497
2016-07-23 16:24:01 487.64 32.83 25.03 50.34 97.02 0.0835 0.1496
2016-07-23 16:24:02 487.97 32.86 25.04 50.34 97.02 0.0835 0.1497
2016-07-23 16:24:03 488.41 32.89 25.06 50.37 97.04 0.0836 0.1498
2016-07-23 16:24:04 489.09 32.93 25.08 50.34 97.04 0.0836 0.1499
2016-07-23 16:24:05 488.90 32.97 25.10 50.34 97.04 0.0836 0.1500
2016-07-23 16:24:06 491.22 33.05 25.14 50.34 97.02 0.0839 0.1502
2016-07-23 16:24:07 491.17 33.08 25.16 50.34 97.04 0.0839 0.1503
2016-07-23 16:24:08 490.31 33.11 25.17 50.34 97.02 0.0838 0.1503
2016-07-23 16:24:09 490.73 33.14 25.19 50.34 97.02 0.0838 0.1504
2016-07-23 16:24:10 491.29 33.19 25.21 50.34 97.02 0.0839 0.1506
2016-07-23 16:24:11 491.29 33.22 25.23 50.34 97.02 0.0839 0.1506
2016-07-23 16:24:12 491.35 33.23 25.24 50.34 97.06 0.0839 0.1507
2016-07-23 16:24:13 491.31 33.29 25.26 50.34 97.04 0.0839 0.1509
2016-07-23 16:24:14 490.89 33.31 25.27 50.34 97.04 0.0839 0.1509
2016-07-23 16:24:15 491.09 33.32 25.28 50.34 97.06 0.0839 0.1510
2016-07-23 16:24:16 490.61 33.34 25.29 50.34 97.04 0.0838 0.1510
2016-07-23 16:24:17 490.30 33.35 25.30 50.37 97.04 0.0838 0.1510
2016-07-23 16:24:18 490.31 33.35 25.30 50.34 97.04 0.0838 0.1510
2016-07-23 16:24:19 489.50 33.35 25.29 50.34 97.00 0.0837 0.1510
2016-07-23 16:24:20 488.74 33.33 25.29 50.34 97.04 0.0836 0.1510
2016-07-23 16:24:21 489.68 33.38 25.31 50.34 97.04 0.0837 0.1511
2016-07-23 16:24:22 490.01 33.39 25.32 50.34 97.04 0.0838 0.1511
2016-07-23 16:24:23 490.90 33.42 25.33 50.34 97.02 0.0839 0.1512
2016-07-23 16:24:24 490.93 33.44 25.34 50.34 97.04 0.0839 0.1513
2016-07-23 16:24:25 491.19 33.46 25.35 50.37 97.02 0.0839 0.1513
2016-07-23 16:24:26 490.17 33.44 25.34 50.34 97.04 0.0838 0.1513
2016-07-23 16:24:27 488.38 33.41 25.32 50.34 97.02 0.0835 0.1512
2016-07-23 16:24:28 487.83 33.41 25.33 50.34 97.04 0.0835 0.1512
2016-07-23 16:24:29 486.56 33.39 25.31 50.34 97.02 0.0833 0.1511
2016-07-23 16:24:30 484.27 33.33 25.29 50.34 97.02 0.0830 0.1510
2016-07-23 16:24:31 483.07 33.28 25.26 50.34 97.04 0.0829 0.1508
2016-07-23 16:24:32 484.83 33.33 25.29 50.37 97.04 0.0831 0.1510
2016-07-23 16:24:33 484.36 33.32 25.28 50.37 97.02 0.0831 0.1509
2016-07-23 16:24:34 485.41 33.35 25.30 50.34 97.02 0.0832 0.1510
2016-07-23 16:24:35 486.28 33.40 25.32 50.34 97.04 0.0833 0.1511
2016-07-23 16:24:36 487.03 33.45 25.35 50.34 97.06 0.0834 0.1513
2016-07-23 16:24:37 486.93 33.44 25.35 50.34 97.06 0.0834 0.1513
2016-07-23 16:24:38 486.86 33.46 25.35 50.34 97.06 0.0834 0.1513
2016-07-23 16:24:39 488.61 33.50 25.37 50.34 97.06 0.0836 0.1515
2016-07-23 16:24:40 489.65 33.56 25.40 50.34 97.04 0.0837 0.1516
2016-07-23 16:24:41 489.85 33.58 25.42 50.34 97.06 0.0838 0.1517
2016-07-23 16:24:42 489.37 33.61 25.43 50.34 97.06 0.0837 0.1518
2016-07-23 16:24:43 489.69 33.64 25.45 50.34 97.06 0.0837 0.1518
2016-07-23 16:24:44 489.63 33.69 25.46 50.34 97.02 0.0837 0.1519
2016-07-23 16:24:45 490.58 33.68 25.46 50.34 97.02 0.0838 0.1519
2016-07-23 16:24:46 491.83 33.69 25.47 50.37 97.06 0.0840 0.1520
2016-07-23 16:24:47 491.44 33.72 25.48 50.37 97.02 0.0839 0.1520
2016-07-23 16:24:48 491.33 33.72 25.48 50.34 97.04 0.0839 0.1520
2016-07-23 16:24:49 490.92 33.72 25.48 50.34 97.06 0.0839 0.1520
2016-07-23 16:24:50 490.85 33.75 25.50 50.34 97.06 0.0839 0.1521
2016-07-23 16:24:51 489.87 33.79 25.52 50.34 97.06 0.0838 0.1522
2016-07-23 16:24:52 490.56 33.84 25.54 50.34 97.06 0.0838 0.1524
2016-07-23 16:24:53 490.20 33.87 25.56 50.34 97.04 0.0838 0.1524
2016-07-23 16:24:54 490.08 33.89 25.57 50.34 97.04 0.0838 0.1525
2016-07-23 16:24:55 489.83 33.91 25.57 50.34 97.02 0.0837 0.1525
2016-07-23 16:24:56 488.97 33.91 25.57 50.34 97.02 0.0836 0.1525
2016-07-23 16:24:57 487.86 33.89 25.56 50.34 97.02 0.0835 0.1525
2016-07-23 16:24:58 487.56 33.88 25.56 50.34 97.02 0.0835 0.1524
2016-07-23 16:24:59 487.97 33.89 25.56 50.34 97.04 0.0835 0.1525
2016-07-23 16:25:00 487.97 33.89 25.57 50.34 97.04 0.0835 0.1525
