"2016-07-23 at 16:18"
Date(Y-M-D) Time(H:M:S) CO2(ppm) H2O(ppt) H2O(C) Cell_Temperature(C) Cell_Pressure(kPa) CO2_Absorption H2O_Absorption
2016-07-23 16:18:25 370.31 20.90 17.65 50.34 96.98 0.0682 0.1127
2016-07-23 16:18:26 369.91 21.03 17.76 50.34 96.98 0.0681 0.1132
2016-07-23 16:18:27 370.12 21.10 17.81 50.34 96.98 0.0681 0.1134
2016-07-23 16:18:28 370.71 21.23 17.90 50.34 96.96 0.0682 0.1138
2016-07-23 16:18:29 371.91 21.27 17.93 50.37 96.95 0.0684 0.1140
2016-07-23 16:18:30 376.95 21.31 17.96 50.34 96.97 0.0691 0.1141
2016-07-23 16:18:31 378.15 21.33 17.98 50.34 96.99 0.0693 0.1142
2016-07-23 16:18:32 382.45 21.31 17.96 50.34 96.97 0.0698 0.1141
2016-07-23 16:18:33 385.92 21.32 17.97 50.34 96.98 0.0703 0.1142
2016-07-23 16:18:34 389.52 21.39 18.02 50.34 96.98 0.0708 0.1144
2016-07-23 16:18:35 389.09 21.60 18.18 50.34 96.98 0.0707 0.1151
2016-07-23 16:18:36 389.69 22.09 18.53 50.34 96.96 0.0708 0.1168
2016-07-23 16:18:37 389.47 22.48 18.81 50.34 96.93 0.0708 0.1181
2016-07-23 16:18:38 390.67 22.88 19.10 50.34 96.98 0.0709 0.1195
2016-07-23 16:18:39 392.78 23.54 19.55 50.34 96.96 0.0712 0.1217
2016-07-23 16:18:40 394.39 24.02 19.88 50.34 96.96 0.0714 0.1232
2016-07-23 16:18:41 398.05 24.15 19.97 50.34 96.98 0.0719 0.1237
2016-07-23 16:18:42 395.00 24.49 20.19 50.34 96.96 0.0715 0.1248
2016-07-23 16:18:43 395.69 24.83 20.41 50.34 96.96 0.0716 0.1258
2016-07-23 16:18:44 396.45 24.92 20.47 50.34 96.93 0.0717 0.1261
2016-07-23 16:18:45 393.25 25.10 20.59 50.34 96.96 0.0713 0.1267
2016-07-23 16:18:46 392.91 25.44 20.81 50.34 96.96 0.0713 0.1278
2016-07-23 16:18:47 398.34 25.73 21.00 50.34 96.98 0.0720 0.1287
2016-07-23 16:18:48 399.04 26.03 21.18 50.34 96.96 0.0721 0.1297
2016-07-23 16:18:49 399.44 26.27 21.34 50.34 96.98 0.0721 0.1304
2016-07-23 16:18:50 404.43 26.48 21.46 50.34 96.96 0.0728 0.1310
2016-07-23 16:18:51 403.88 26.65 21.57 50.34 96.98 0.0727 0.1316
2016-07-23 16:18:52 405.43 26.85 21.69 50.37 96.96 0.0729 0.1322
2016-07-23 16:18:53 406.21 26.99 21.77 50.34 96.96 0.0730 0.1326
2016-07-23 16:18:54 407.71 27.15 21.87 50.34 96.96 0.0732 0.1331
2016-07-23 16:18:55 408.18 27.26 21.94 50.34 97.00 0.0733 0.1335
2016-07-23 16:18:56 409.53 27.43 22.03 50.34 96.96 0.0735 0.1339
2016-07-23 16:18:57 410.08 27.54 22.10 50.34 96.96 0.0735 0.1343
2016-07-23 16:18:58 411.54 27.65 22.17 50.37 96.98 0.0738 0.1347
2016-07-23 16:18:59 412.16 27.77 22.24 50.37 96.96 0.0738 0.1350
2016-07-23 16:19:00 413.20 27.89 22.31 50.34 96.96 0.0740 0.1354
2016-07-23 16:19:01 414.54 27.98 22.37 50.34 96.96 0.0741 0.1356
2016-07-23 16:19:02 415.24 28.08 22.42 50.34 96.98 0.0742 0.1359
2016-07-23 16:19:03 415.85 28.17 22.48 50.34 96.98 0.0743 0.1362
2016-07-23 16:19:04 416.38 28.22 22.51 50.34 96.98 0.0744 0.1364
2016-07-23 16:19:05 417.44 28.31 22.56 50.34 96.98 0.0745 0.1366
2016-07-23 16:19:07 418.45 28.39 22.60 50.34 96.96 0.0746 0.1368
2016-07-23 16:19:08 419.00 28.45 22.64 50.34 96.96 0.0747 0.1370
2016-07-23 16:19:09 420.02 28.53 22.68 50.34 96.96 0.0749 0.1372
2016-07-23 16:19:10 420.76 28.59 22.72 50.34 96.98 0.0750 0.1375
2016-07-23 16:19:11 421.36 28.65 22.75 50.34 96.98 0.0750 0.1376
2016-07-23 16:19:12 421.98 28.70 22.78 50.34 96.98 0.0751 0.1378
2016-07-23 16:19:13 422.96 28.78 22.83 50.34 96.96 0.0752 0.1380
2016-07-23 16:19:14 423.45 28.83 22.85 50.34 96.96 0.0753 0.1381
2016-07-23 16:19:15 424.09 28.87 22.88 50.34 96.95 0.0754 0.1383
2016-07-23 16:19:16 424.17 28.90 22.90 50.34 96.99 0.0754 0.1384
2016-07-23 16:19:17 425.19 28.95 22.93 50.34 96.98 0.0755 0.1385
2016-07-23 16:19:18 425.57 28.98 22.95 50.34 96.98 0.0756 0.1386
2016-07-23 16:19:19 426.44 29.02 22.97 50.34 96.96 0.0757 0.1387
2016-07-23 16:19:20 427.51 29.07 22.99 50.34 96.96 0.0758 0.1388
2016-07-23 16:19:21 428.31 29.11 23.01 50.34 96.96 0.0759 0.1390
2016-07-23 16:19:22 428.50 29.13 23.03 50.34 96.97 0.0760 0.1390
2016-07-23 16:19:23 429.06 29.14 23.04 50.34 96.99 0.0761 0.1391
2016-07-23 16:19:24 429.82 29.17 23.06 50.34 96.99 0.0762 0.1392
2016-07-23 16:19:25 430.01 29.18 23.06 50.34 96.99 0.0762 0.1392
2016-07-23 16:19:26 430.55 29.18 23.06 50.34 96.99 0.0763 0.1392
2016-07-23 16:19:27 430.94 29.19 23.07 50.34 96.99 0.0763 0.1393
2016-07-23 16:19:28 431.80 29.20 23.07 50.34 96.97 0.0764 0.1393
2016-07-23 16:19:29 432.27 29.20 23.07 50.37 96.97 0.0765 0.1392
2016-07-23 16:19:30 432.46 29.19 23.07 50.34 96.97 0.0765 0.1392
2016-07-23 16:19:31 433.10 29.20 23.07 50.34 96.97 0.0766 0.1392
2016-07-23 16:19:32 433.17 29.20 23.07 50.34 96.98 0.0766 0.1393
2016-07-23 16:19:33 432.79 29.21 23.07 50.34 96.98 0.0765 0.1393
2016-07-23 16:19:34 432.40 29.20 23.07 50.34 96.98 0.0765 0.1393
2016-07-23 16:19:35 432.63 29.20 23.07 50.34 96.97 0.0765 0.1392
2016-07-23 16:19:36 432.49 29.21 23.08 50.37 96.97 0.0765 0.1393
2016-07-23 16:19:37 432.21 29.20 23.07 50.37 96.97 0.0764 0.1392
2016-07-23 16:19:38 431.64 29.18 23.06 50.34 96.97 0.0764 0.1392
2016-07-23 16:19:39 432.02 29.19 23.06 50.34 96.97 0.0764 0.1392
2016-07-23 16:19:40 431.50 29.20 23.07 50.34 96.99 0.0764 0.1393
2016-07-23 16:19:41 431.00 29.18 23.06 50.34 96.99 0.0763 0.1392
2016-07-23 16:19:42 431.29 29.19 23.06 50.34 96.97 0.0763 0.1392
2016-07-23 16:19:43 431.35 29.17 23.06 50.34 96.99 0.0764 0.1392
2016-07-23 16:19:44 431.28 29.20 23.07 50.40 96.97 0.0763 0.1392
2016-07-23 16:19:45 432.74 29.20 23.07 50.34 96.97 0.0765 0.1393
2016-07-23 16:19:46 430.38 29.22 23.08 50.34 96.99 0.0762 0.1393
2016-07-23 16:19:47 431.06 29.26 23.10 50.34 96.96 0.0763 0.1394
2016-07-23 16:19:48 430.86 29.26 23.10 50.34 96.98 0.0763 0.1394
2016-07-23 16:19:49 431.29 29.27 23.11 50.34 96.98 0.0763 0.1395
2016-07-23 16:19:50 429.69 29.27 23.11 50.34 96.98 0.0761 0.1395
2016-07-23 16:19:51 432.84 29.28 23.11 50.34 96.97 0.0765 0.1395
2016-07-23 16:19:52 432.42 29.29 23.12 50.34 96.95 0.0765 0.1395
2016-07-23 16:19:53 432.07 29.27 23.11 50.34 96.99 0.0764 0.1395
2016-07-23 16:19:54 432.48 29.26 23.11 50.34 96.99 0.0765 0.1394
2016-07-23 16:19:55 432.82 29.24 23.09 50.34 96.99 0.0765 0.1394
2016-07-23 16:19:56 432.00 29.21 23.08 50.34 96.99 0.0764 0.1393
2016-07-23 16:19:57 431.97 29.18 23.06 50.34 96.99 0.0764 0.1392
2016-07-23 16:19:58 432.11 29.16 23.05 50.34 96.99 0.0765 0.1392
2016-07-23 16:19:59 431.58 29.16 23.05 50.34 96.97 0.0764 0.1391
2016-07-23 16:20:00 431.47 29.16 23.05 50.34 96.99 0.0764 0.1392
2016-07-23 16:20:01 431.25 29.16 23.05 50.34 96.96 0.0763 0.1391
2016-07-23 16:20:02 431.49 29.14 23.04 50.34 96.98 0.0764 0.1391
2016-07-23 16:20:03 430.74 29.12 23.03 50.34 97.00 0.0763 0.1391
2016-07-23 16:20:04 430.74 29.12 23.02 50.34 96.96 0.0762 0.1390
2016-07-23 16:20:05 430.35 29.08 23.00 50.34 96.98 0.0762 0.1389
2016-07-23 16:20:06 431.08 29.10 23.01 50.40 96.93 0.0763 0.1389
2016-07-23 16:20:07 430.11 29.06 22.99 50.34 96.97 0.0762 0.1388
2016-07-23 16:20:08 430.07 29.04 22.98 50.34 96.97 0.0762 0.1388
2016-07-23 16:20:09 430.06 29.00 22.96 50.34 96.98 0.0762 0.1387
2016-07-23 16:20:10 429.15 28.97 22.94 50.34 96.98 0.0761 0.1386
2016-07-23 16:20:11 429.12 28.93 22.91 50.34 96.98 0.0761 0.1385
2016-07-23 16:20:12 428.72 28.89 22.89 50.34 96.98 0.0760 0.1383
2016-07-23 16:20:13 428.47 28.87 22.88 50.34 96.96 0.0760 0.1383
2016-07-23 16:20:14 427.65 28.84 22.87 50.34 96.97 0.0759 0.1382
2016-07-23 16:20:15 427.51 28.81 22.85 50.34 96.97 0.0758 0.1381
2016-07-23 16:20:16 426.78 28.80 22.84 50.34 96.96 0.0757 0.1380
2016-07-23 16:20:17 426.89 28.81 22.84 50.34 96.96 0.0757 0.1381
2016-07-23 16:20:18 426.00 28.78 22.83 50.34 96.98 0.0756 0.1380
2016-07-23 16:20:19 425.98 28.80 22.84 50.34 96.98 0.0756 0.1381
2016-07-23 16:20:20 425.99 28.82 22.85 50.34 96.96 0.0756 0.1381
2016-07-23 16:20:21 425.88 28.85 22.87 50.34 96.95 0.0756 0.1382
2016-07-23 16:20:22 426.32 28.86 22.88 50.34 96.97 0.0757 0.1383
2016-07-23 16:20:23 426.61 28.89 22.90 50.34 96.98 0.0757 0.1384
2016-07-23 16:20:24 427.01 28.92 22.91 50.34 96.98 0.0758 0.1384
2016-07-23 16:20:25 426.89 28.93 22.92 50.34 96.98 0.0758 0.1385
2016-07-23 16:20:26 427.68 28.97 22.94 50.34 96.96 0.0759 0.1386
2016-07-23 16:20:27 427.82 28.98 22.95 50.34 96.98 0.0759 0.1386
2016-07-23 16:20:28 428.44 28.99 22.95 50.34 96.98 0.0760 0.1386
2016-07-23 16:20:29 428.57 29.01 22.95 50.34 96.95 0.0760 0.1386
2016-07-23 16:20:30 428.89 28.99 22.95 50.34 96.99 0.0760 0.1387
2016-07-23 16:20:31 428.82 29.00 22.96 50.34 96.99 0.0760 0.1387
2016-07-23 16:20:32 429.00 29.00 22.96 50.34 96.99 0.0761 0.1387
2016-07-23 16:20:33 428.65 28.98 22.95 50.34 96.99 0.0760 0.1386
