"2016-07-23 at 15:27"
Date(Y-M-D) Time(H:M:S) CO2(ppm) H2O(ppt) H2O(C) Cell_Temperature(C) Cell_Pressure(kPa) CO2_Absorption H2O_Absorption
2016-07-23 15:27:58 408.63 20.70 17.51 50.37 96.98 0.0733 0.1120
2016-07-23 15:27:59 408.48 20.77 17.56 50.34 96.96 0.0733 0.1122
2016-07-23 15:28:00 408.48 20.82 17.59 50.34 96.96 0.0733 0.1124
2016-07-23 15:28:01 408.26 20.86 17.63 50.34 96.98 0.0733 0.1126
2016-07-23 15:28:02 407.36 20.91 17.66 50.34 97.00 0.0732 0.1127
2016-07-23 15:28:03 400.57 20.83 17.61 50.34 97.00 0.0723 0.1125
2016-07-23 15:28:04 396.62 20.82 17.60 50.34 96.98 0.0717 0.1124
2016-07-23 15:28:05 392.00 20.96 17.71 50.34 97.00 0.0711 0.1129
2016-07-23 15:28:06 388.11 21.22 17.90 50.40 97.00 0.0706 0.1138
2016-07-23 15:28:07 386.99 21.36 18.00 50.40 96.97 0.0704 0.1143
2016-07-23 15:28:08 386.54 21.72 18.27 50.37 97.00 0.0704 0.1156
2016-07-23 15:28:09 387.83 22.23 18.64 50.34 97.00 0.0706 0.1173
2016-07-23 15:28:10 388.20 22.71 18.99 50.34 97.02 0.0706 0.1190
2016-07-23 15:28:11 389.26 23.04 19.22 50.34 97.00 0.0708 0.1201
2016-07-23 15:28:12 390.10 23.42 19.48 50.34 97.02 0.0709 0.1213
2016-07-23 15:28:13 390.59 23.78 19.73 50.40 97.00 0.0709 0.1225
2016-07-23 15:28:14 391.96 24.09 19.93 50.37 97.00 0.0711 0.1235
2016-07-23 15:28:15 392.78 24.36 20.11 50.34 97.00 0.0713 0.1244
2016-07-23 15:28:16 393.47 24.64 20.30 50.34 97.02 0.0714 0.1253
2016-07-23 15:28:17 394.45 24.83 20.42 50.34 97.00 0.0715 0.1259
2016-07-23 15:28:18 395.83 25.02 20.55 50.34 97.02 0.0717 0.1265
2016-07-23 15:28:19 396.46 25.21 20.67 50.34 97.02 0.0718 0.1271
2016-07-23 15:28:20 397.89 25.41 20.79 50.37 97.00 0.0719 0.1277
2016-07-23 15:28:21 399.27 25.58 20.90 50.34 96.97 0.0721 0.1283
2016-07-23 15:28:22 399.96 25.74 21.00 50.34 97.00 0.0722 0.1288
2016-07-23 15:28:23 400.55 25.88 21.10 50.34 97.02 0.0723 0.1293
2016-07-23 15:28:24 401.78 26.06 21.21 50.34 97.00 0.0725 0.1298
2016-07-23 15:28:25 402.72 26.18 21.28 50.34 97.00 0.0726 0.1302
2016-07-23 15:28:26 403.38 26.29 21.35 50.34 97.00 0.0727 0.1305
2016-07-23 15:28:27 404.76 26.41 21.43 50.37 97.00 0.0729 0.1309
2016-07-23 15:28:28 408.21 26.50 21.48 50.40 97.01 0.0733 0.1312
2016-07-23 15:28:29 410.81 26.58 21.53 50.34 97.01 0.0737 0.1314
2016-07-23 15:28:30 413.21 26.68 21.59 50.34 97.02 0.0740 0.1317
2016-07-23 15:28:31 414.24 26.79 21.66 50.34 97.02 0.0741 0.1321
2016-07-23 15:28:32 415.14 26.87 21.71 50.34 97.02 0.0743 0.1323
2016-07-23 15:28:33 415.94 26.95 21.76 50.34 97.00 0.0743 0.1326
2016-07-23 15:28:34 415.50 27.04 21.81 50.34 97.00 0.0743 0.1328
2016-07-23 15:28:35 415.15 27.10 21.85 50.37 96.99 0.0742 0.1330
2016-07-23 15:28:36 416.12 27.17 21.88 50.34 96.99 0.0744 0.1332
2016-07-23 15:28:37 416.85 27.24 21.93 50.34 97.00 0.0745 0.1334
2016-07-23 15:28:38 415.49 27.31 21.98 50.34 97.02 0.0743 0.1337
2016-07-23 15:28:39 415.77 27.37 22.01 50.34 97.02 0.0743 0.1339
2016-07-23 15:28:40 416.89 27.45 22.06 50.34 97.02 0.0745 0.1341
2016-07-23 15:28:41 417.91 27.51 22.09 50.34 97.00 0.0746 0.1343
2016-07-23 15:28:42 418.52 27.54 22.11 50.34 97.00 0.0747 0.1344
2016-07-23 15:28:43 418.83 27.58 22.13 50.34 96.97 0.0747 0.1344
2016-07-23 15:28:44 419.81 27.62 22.15 50.34 96.97 0.0748 0.1346
2016-07-23 15:28:45 420.46 27.65 22.18 50.34 97.00 0.0749 0.1347
2016-07-23 15:28:46 421.12 27.68 22.20 50.34 97.02 0.0750 0.1348
2016-07-23 15:28:47 422.21 27.74 22.23 50.34 97.00 0.0752 0.1350
2016-07-23 15:28:48 423.34 27.79 22.26 50.34 97.00 0.0753 0.1351
2016-07-23 15:28:49 424.24 27.83 22.28 50.37 97.02 0.0754 0.1352
2016-07-23 15:28:50 425.08 27.88 22.31 50.40 97.00 0.0755 0.1354
2016-07-23 15:28:51 425.09 27.91 22.33 50.37 97.01 0.0755 0.1355
2016-07-23 15:28:52 426.48 27.95 22.35 50.34 97.00 0.0757 0.1356
2016-07-23 15:28:53 426.85 27.96 22.36 50.34 97.00 0.0758 0.1356
2016-07-23 15:28:54 427.62 27.99 22.38 50.34 97.02 0.0759 0.1357
2016-07-23 15:28:55 428.15 28.02 22.39 50.34 97.00 0.0759 0.1358
2016-07-23 15:28:56 429.24 28.05 22.41 50.34 97.02 0.0761 0.1359
2016-07-23 15:28:57 429.60 28.08 22.43 50.37 97.00 0.0761 0.1360
2016-07-23 15:28:58 430.49 28.10 22.44 50.37 97.01 0.0762 0.1360
2016-07-23 15:28:59 430.71 28.12 22.45 50.34 97.00 0.0763 0.1361
2016-07-23 15:29:00 431.51 28.14 22.47 50.34 97.02 0.0764 0.1362
2016-07-23 15:29:01 431.86 28.16 22.48 50.34 97.02 0.0764 0.1362
2016-07-23 15:29:02 432.64 28.17 22.49 50.34 97.02 0.0765 0.1363
2016-07-23 15:29:03 433.25 28.20 22.50 50.34 97.02 0.0766 0.1364
2016-07-23 15:29:04 433.53 28.21 22.51 50.34 97.03 0.0767 0.1364
2016-07-23 15:29:05 434.65 28.25 22.53 50.34 96.99 0.0768 0.1365
2016-07-23 15:29:06 435.31 28.25 22.53 50.34 97.01 0.0769 0.1365
2016-07-23 15:29:07 435.44 28.27 22.54 50.34 97.03 0.0769 0.1366
2016-07-23 15:29:08 435.82 28.29 22.56 50.34 97.03 0.0770 0.1366
2016-07-23 15:29:09 436.93 28.33 22.58 50.34 97.00 0.0771 0.1367
2016-07-23 15:29:10 436.71 28.34 22.58 50.34 97.00 0.0770 0.1368
2016-07-23 15:29:11 437.46 28.35 22.59 50.34 97.03 0.0772 0.1368
2016-07-23 15:29:12 437.82 28.38 22.60 50.34 96.99 0.0772 0.1368
2016-07-23 15:29:14 438.72 28.39 22.61 50.37 97.01 0.0773 0.1369
2016-07-23 15:29:15 438.74 28.39 22.61 50.34 97.01 0.0773 0.1369
2016-07-23 15:29:16 439.74 28.42 22.63 50.34 97.01 0.0774 0.1370
2016-07-23 15:29:17 440.29 28.42 22.63 50.34 97.01 0.0775 0.1370
2016-07-23 15:29:18 440.46 28.43 22.64 50.34 97.02 0.0775 0.1370
2016-07-23 15:29:19 440.71 28.44 22.64 50.34 97.01 0.0776 0.1371
2016-07-23 15:29:20 441.47 28.45 22.65 50.37 97.01 0.0777 0.1371
2016-07-23 15:29:21 441.66 28.46 22.65 50.37 96.99 0.0777 0.1371
2016-07-23 15:29:22 442.60 28.49 22.67 50.34 96.99 0.0778 0.1372
2016-07-23 15:29:23 443.04 28.48 22.67 50.34 97.01 0.0779 0.1372
2016-07-23 15:29:24 443.39 28.51 22.68 50.34 97.01 0.0779 0.1373
2016-07-23 15:29:25 443.90 28.52 22.69 50.34 97.03 0.0780 0.1373
2016-07-23 15:29:26 444.36 28.54 22.70 50.34 97.03 0.0780 0.1374
2016-07-23 15:29:27 444.60 28.54 22.70 50.34 97.01 0.0781 0.1374
2016-07-23 15:29:28 444.78 28.56 22.71 50.34 97.01 0.0781 0.1374
2016-07-23 15:29:29 445.97 28.55 22.71 50.34 97.01 0.0782 0.1374
2016-07-23 15:29:30 446.16 28.57 22.71 50.34 97.01 0.0783 0.1374
2016-07-23 15:29:31 447.34 28.57 22.72 50.34 97.01 0.0784 0.1374
2016-07-23 15:29:32 447.74 28.57 22.72 50.34 97.03 0.0785 0.1375
2016-07-23 15:29:33 451.02 28.58 22.72 50.34 97.01 0.0789 0.1375
2016-07-23 15:29:34 452.42 28.60 22.73 50.34 97.01 0.0790 0.1375
2016-07-23 15:29:35 453.60 28.60 22.73 50.37 97.01 0.0792 0.1375
2016-07-23 15:29:36 454.63 28.61 22.74 50.37 97.01 0.0793 0.1376
2016-07-23 15:29:37 455.32 28.62 22.75 50.34 97.01 0.0794 0.1376
2016-07-23 15:29:38 453.71 28.62 22.75 50.34 97.03 0.0792 0.1376
2016-07-23 15:29:39 453.77 28.64 22.76 50.34 97.03 0.0792 0.1377
2016-07-23 15:29:40 454.41 28.67 22.77 50.34 97.01 0.0793 0.1377
2016-07-23 15:29:41 454.98 28.68 22.78 50.34 97.01 0.0794 0.1378
2016-07-23 15:29:42 456.34 28.69 22.78 50.37 96.99 0.0795 0.1378
2016-07-23 15:29:43 456.45 28.70 22.79 50.34 96.99 0.0795 0.1378
2016-07-23 15:29:44 457.03 28.69 22.78 50.34 97.01 0.0796 0.1378
2016-07-23 15:29:45 457.44 28.70 22.79 50.34 97.03 0.0797 0.1378
2016-07-23 15:29:46 458.53 28.70 22.79 50.34 97.03 0.0798 0.1379
2016-07-23 15:29:47 458.88 28.72 22.81 50.34 97.03 0.0799 0.1379
2016-07-23 15:29:48 459.67 28.74 22.82 50.34 97.03 0.0800 0.1380
2016-07-23 15:29:49 460.39 28.76 22.83 50.34 97.01 0.0800 0.1380
2016-07-23 15:29:50 460.83 28.77 22.83 50.34 97.01 0.0801 0.1380
2016-07-23 15:29:51 461.73 28.80 22.84 50.40 96.99 0.0802 0.1381
2016-07-23 15:29:52 461.99 28.79 22.84 50.34 97.01 0.0802 0.1381
2016-07-23 15:29:53 462.62 28.80 22.85 50.34 97.01 0.0803 0.1381
2016-07-23 15:29:54 463.06 28.80 22.85 50.34 97.03 0.0804 0.1382
2016-07-23 15:29:55 463.62 28.82 22.86 50.37 97.01 0.0804 0.1382
2016-07-23 15:29:56 463.78 28.82 22.86 50.37 97.01 0.0805 0.1382
2016-07-23 15:29:57 463.93 28.83 22.87 50.40 97.01 0.0805 0.1382
2016-07-23 15:29:58 464.17 28.85 22.87 50.40 96.99 0.0805 0.1382
2016-07-23 15:29:59 464.46 28.85 22.87 50.37 96.99 0.0805 0.1382
2016-07-23 15:30:00 464.40 28.84 22.87 50.34 97.01 0.0805 0.1383
