"2016-07-15 at 17:00"
Date(Y-M-D) Time(H:M:S) CO2(ppm) H2O(ppt) H2O(C) Cell_Temperature(C) Cell_Pressure(kPa) CO2_Absorption H2O_Absorption
2016-07-15 17:00:58 391.52 10.42 7.41 50.34 99.23 0.0727 0.0713
2016-07-15 17:00:59 391.99 10.37 7.34 50.34 99.25 0.0728 0.0710
2016-07-15 17:01:00 393.75 10.30 7.24 50.34 99.23 0.0730 0.0707
2016-07-15 17:01:01 394.16 10.22 7.12 50.34 99.23 0.0731 0.0702
2016-07-15 17:01:02 395.29 10.31 7.25 50.34 99.23 0.0732 0.0707
2016-07-15 17:01:03 395.61 10.47 7.47 50.32 99.21 0.0732 0.0715
2016-07-15 17:01:04 395.36 10.71 7.80 50.32 99.23 0.0732 0.0727
2016-07-15 17:01:05 394.43 11.02 8.22 50.32 99.22 0.0731 0.0742
2016-07-15 17:01:06 394.88 11.37 8.68 50.32 99.22 0.0732 0.0759
2016-07-15 17:01:07 394.30 11.72 9.14 50.32 99.24 0.0731 0.0776
2016-07-15 17:01:08 394.50 12.01 9.50 50.32 99.22 0.0731 0.0789
2016-07-15 17:01:09 395.21 12.24 9.78 50.32 99.22 0.0732 0.0800
2016-07-15 17:01:10 394.93 12.44 10.02 50.32 99.20 0.0732 0.0809
2016-07-15 17:01:11 395.63 12.68 10.31 50.32 99.20 0.0733 0.0820
2016-07-15 17:01:12 395.48 12.82 10.47 50.32 99.22 0.0732 0.0826
2016-07-15 17:01:13 395.94 12.95 10.63 50.32 99.24 0.0733 0.0833
2016-07-15 17:01:14 396.15 13.12 10.82 50.32 99.22 0.0733 0.0840
2016-07-15 17:01:15 396.54 13.21 10.93 50.32 99.22 0.0734 0.0844
2016-07-15 17:01:16 406.70 13.29 11.02 50.32 99.22 0.0748 0.0848
2016-07-15 17:01:17 390.03 13.50 11.25 50.32 99.22 0.0725 0.0857
2016-07-15 17:01:18 392.53 13.60 11.36 50.32 99.22 0.0729 0.0861
2016-07-15 17:01:19 393.68 13.74 11.51 50.32 99.22 0.0730 0.0867
2016-07-15 17:01:20 394.08 13.84 11.62 50.32 99.22 0.0731 0.0872
2016-07-15 17:01:21 384.76 14.00 11.80 50.32 99.24 0.0718 0.0879
2016-07-15 17:01:22 401.99 14.01 11.81 50.32 99.22 0.0741 0.0879
2016-07-15 17:01:23 400.47 14.12 11.94 50.32 99.23 0.0740 0.0884
2016-07-15 17:01:24 400.09 14.20 12.02 50.32 99.23 0.0739 0.0888
2016-07-15 17:01:25 400.30 14.27 12.09 50.32 99.21 0.0739 0.0891
2016-07-15 17:01:26 401.26 14.34 12.17 50.32 99.23 0.0741 0.0894
2016-07-15 17:01:27 401.83 14.41 12.24 50.32 99.23 0.0741 0.0897
2016-07-15 17:01:28 402.44 14.48 12.31 50.32 99.23 0.0742 0.0900
2016-07-15 17:01:29 403.05 14.54 12.38 50.32 99.23 0.0743 0.0903
2016-07-15 17:01:30 403.62 14.62 12.46 50.32 99.23 0.0744 0.0906
2016-07-15 17:01:31 403.59 14.65 12.49 50.32 99.23 0.0744 0.0907
2016-07-15 17:01:32 404.01 14.71 12.54 50.32 99.21 0.0744 0.0909
2016-07-15 17:01:33 404.08 14.74 12.58 50.32 99.21 0.0744 0.0911
2016-07-15 17:01:34 404.34 14.76 12.60 50.32 99.23 0.0745 0.0912
2016-07-15 17:01:35 404.32 14.76 12.61 50.32 99.25 0.0745 0.0912
2016-07-15 17:01:36 404.33 14.81 12.66 50.32 99.23 0.0745 0.0914
2016-07-15 17:01:37 404.83 14.85 12.70 50.32 99.23 0.0745 0.0916
2016-07-15 17:01:38 404.99 14.89 12.74 50.32 99.23 0.0746 0.0917
2016-07-15 17:01:39 404.89 14.95 12.80 50.32 99.23 0.0746 0.0920
2016-07-15 17:01:40 405.75 15.02 12.87 50.34 99.21 0.0746 0.0922
2016-07-15 17:01:41 406.33 15.06 12.91 50.32 99.23 0.0747 0.0924
2016-07-15 17:01:42 406.49 15.08 12.93 50.32 99.23 0.0748 0.0925
2016-07-15 17:01:43 407.18 15.12 12.97 50.32 99.23 0.0749 0.0927
2016-07-15 17:01:44 407.91 15.16 13.01 50.34 99.25 0.0750 0.0929
2016-07-15 17:01:45 408.18 15.21 13.06 50.34 99.23 0.0750 0.0931
2016-07-15 17:01:46 408.39 15.25 13.10 50.34 99.21 0.0750 0.0932
2016-07-15 17:01:47 408.94 15.28 13.13 50.34 99.21 0.0751 0.0933
2016-07-15 17:01:48 409.18 15.31 13.16 50.34 99.23 0.0751 0.0935
2016-07-15 17:01:50 409.70 15.34 13.19 50.34 99.21 0.0752 0.0936
2016-07-15 17:01:51 410.20 15.34 13.19 50.34 99.23 0.0753 0.0936
2016-07-15 17:01:52 410.26 15.35 13.20 50.34 99.23 0.0753 0.0937
2016-07-15 17:01:53 410.37 15.37 13.23 50.34 99.23 0.0753 0.0938
2016-07-15 17:01:54 411.00 15.41 13.27 50.34 99.23 0.0754 0.0939
2016-07-15 17:01:55 410.91 15.43 13.28 50.34 99.23 0.0754 0.0940
2016-07-15 17:01:56 410.70 15.45 13.30 50.34 99.23 0.0753 0.0941
2016-07-15 17:01:57 411.07 15.47 13.33 50.34 99.25 0.0754 0.0942
2016-07-15 17:01:58 411.31 15.48 13.34 50.34 99.23 0.0754 0.0942
2016-07-15 17:01:59 411.06 15.49 13.35 50.34 99.25 0.0754 0.0943
2016-07-15 17:02:00 411.38 15.49 13.34 50.34 99.25 0.0754 0.0942
2016-07-15 17:02:01 411.37 15.50 13.35 50.34 99.23 0.0754 0.0943
2016-07-15 17:02:02 411.49 15.49 13.34 50.34 99.23 0.0754 0.0942
2016-07-15 17:02:03 411.34 15.50 13.35 50.34 99.21 0.0754 0.0943
2016-07-15 17:02:04 411.98 15.52 13.37 50.34 99.23 0.0755 0.0944
2016-07-15 17:02:05 412.53 15.55 13.40 50.34 99.23 0.0756 0.0945
2016-07-15 17:02:06 412.83 15.57 13.43 50.34 99.25 0.0756 0.0946
2016-07-15 17:02:07 413.11 15.61 13.46 50.34 99.23 0.0757 0.0947
2016-07-15 17:02:08 413.77 15.63 13.48 50.34 99.23 0.0757 0.0948
2016-07-15 17:02:09 413.46 15.64 13.49 50.34 99.23 0.0757 0.0949
2016-07-15 17:02:10 412.95 15.64 13.49 50.34 99.21 0.0756 0.0949
2016-07-15 17:02:11 412.69 15.63 13.48 50.34 99.22 0.0756 0.0948
2016-07-15 17:02:12 413.18 15.65 13.50 50.34 99.23 0.0757 0.0949
2016-07-15 17:02:13 412.90 15.65 13.50 50.34 99.23 0.0756 0.0949
2016-07-15 17:02:14 413.02 15.66 13.51 50.34 99.25 0.0757 0.0950
2016-07-15 17:02:15 413.79 15.68 13.53 50.34 99.23 0.0758 0.0950
2016-07-15 17:02:16 414.70 15.71 13.56 50.34 99.23 0.0759 0.0952
2016-07-15 17:02:17 415.24 15.73 13.57 50.34 99.21 0.0759 0.0952
2016-07-15 17:02:18 417.39 15.72 13.57 50.34 99.23 0.0762 0.0952
2016-07-15 17:02:19 419.06 15.74 13.58 50.34 99.21 0.0764 0.0953
2016-07-15 17:02:20 418.80 15.75 13.60 50.34 99.23 0.0764 0.0953
2016-07-15 17:02:21 419.23 15.76 13.60 50.34 99.23 0.0765 0.0953
2016-07-15 17:02:22 423.31 15.73 13.58 50.34 99.25 0.0770 0.0952
2016-07-15 17:02:23 417.00 15.78 13.63 50.34 99.25 0.0762 0.0955
2016-07-15 17:02:24 415.53 15.80 13.64 50.34 99.21 0.0760 0.0955
2016-07-15 17:02:25 415.51 15.82 13.66 50.34 99.21 0.0760 0.0956
2016-07-15 17:02:26 416.06 15.84 13.69 50.34 99.21 0.0760 0.0957
2016-07-15 17:02:27 415.40 15.85 13.69 50.34 99.23 0.0760 0.0957
2016-07-15 17:02:28 414.84 15.84 13.69 50.34 99.23 0.0759 0.0957
2016-07-15 17:02:29 415.33 15.85 13.70 50.34 99.25 0.0760 0.0958
2016-07-15 17:02:30 415.45 15.84 13.69 50.34 99.23 0.0760 0.0957
2016-07-15 17:02:31 415.67 15.85 13.69 50.34 99.23 0.0760 0.0957
2016-07-15 17:02:32 415.83 15.85 13.70 50.34 99.23 0.0760 0.0957
2016-07-15 17:02:33 416.14 15.86 13.70 50.34 99.23 0.0761 0.0958
2016-07-15 17:02:34 416.78 15.85 13.69 50.34 99.23 0.0762 0.0957
2016-07-15 17:02:35 416.72 15.87 13.71 50.34 99.23 0.0761 0.0958
2016-07-15 17:02:36 416.16 15.86 13.71 50.34 99.23 0.0761 0.0958
2016-07-15 17:02:37 416.59 15.86 13.71 50.34 99.23 0.0761 0.0958
2016-07-15 17:02:38 417.01 15.88 13.72 50.34 99.25 0.0762 0.0959
2016-07-15 17:02:39 415.92 15.90 13.75 50.34 99.23 0.0760 0.0959
2016-07-15 17:02:40 416.77 15.92 13.76 50.34 99.21 0.0761 0.0960
2016-07-15 17:02:41 417.10 15.93 13.77 50.34 99.23 0.0762 0.0961
2016-07-15 17:02:42 416.62 15.94 13.78 50.34 99.25 0.0761 0.0961
2016-07-15 17:02:43 416.54 15.95 13.79 50.34 99.23 0.0761 0.0962
2016-07-15 17:02:44 416.95 15.95 13.79 50.34 99.25 0.0762 0.0962
2016-07-15 17:02:45 416.73 15.96 13.80 50.34 99.25 0.0762 0.0962
2016-07-15 17:02:46 416.92 15.95 13.79 50.34 99.23 0.0762 0.0961
2016-07-15 17:02:47 417.27 15.97 13.81 50.34 99.23 0.0762 0.0962
2016-07-15 17:02:48 417.69 15.96 13.80 50.34 99.21 0.0763 0.0962
2016-07-15 17:02:49 417.38 15.96 13.80 50.34 99.21 0.0762 0.0962
2016-07-15 17:02:50 416.95 15.94 13.78 50.34 99.23 0.0762 0.0961
2016-07-15 17:02:51 417.53 15.96 13.80 50.34 99.25 0.0763 0.0962
2016-07-15 17:02:52 417.50 15.96 13.81 50.34 99.23 0.0762 0.0962
2016-07-15 17:02:53 417.51 15.97 13.81 50.34 99.23 0.0763 0.0962
2016-07-15 17:02:54 417.96 15.97 13.81 50.34 99.21 0.0763 0.0962
2016-07-15 17:02:55 418.64 16.00 13.84 50.34 99.21 0.0764 0.0963
2016-07-15 17:02:56 418.32 16.01 13.84 50.34 99.21 0.0763 0.0964
2016-07-15 17:02:57 418.46 16.01 13.85 50.34 99.23 0.0764 0.0964
2016-07-15 17:02:58 418.85 16.02 13.86 50.34 99.25 0.0764 0.0964
2016-07-15 17:02:59 418.58 16.03 13.87 50.34 99.23 0.0764 0.0965
2016-07-15 17:03:00 419.07 16.03 13.87 50.34 99.23 0.0765 0.0965
