"2016-07-20 at 15:40"
Date(Y-M-D) Time(H:M:S) CO2(ppm) H2O(ppt) H2O(C) Cell_Temperature(C) Cell_Pressure(kPa) CO2_Absorption H2O_Absorption
2016-07-20 15:40:25 384.57 14.42 12.07 48.42 98.06 0.0712 0.0891
2016-07-20 15:40:26 384.70 14.50 12.16 48.47 98.06 0.0712 0.0894
2016-07-20 15:40:27 385.39 14.55 12.20 48.52 98.04 0.0713 0.0896
2016-07-20 15:40:28 384.25 14.52 12.18 48.57 98.06 0.0711 0.0895
2016-07-20 15:40:29 384.57 14.48 12.12 48.59 98.04 0.0711 0.0893
2016-07-20 15:40:30 383.75 14.40 12.05 48.61 98.04 0.0710 0.0890
2016-07-20 15:40:31 383.42 14.30 11.95 48.64 98.06 0.0710 0.0886
2016-07-20 15:40:32 383.16 14.25 11.88 48.69 98.04 0.0709 0.0883
2016-07-20 15:40:33 383.12 14.19 11.83 48.71 98.06 0.0709 0.0881
2016-07-20 15:40:34 382.45 14.24 11.88 48.76 98.04 0.0708 0.0883
2016-07-20 15:40:35 382.48 14.38 12.03 48.78 98.06 0.0708 0.0889
2016-07-20 15:40:36 383.28 14.62 12.28 48.83 98.02 0.0709 0.0899
2016-07-20 15:40:37 383.26 14.91 12.58 48.86 98.06 0.0709 0.0911
2016-07-20 15:40:38 384.19 15.22 12.89 48.88 98.04 0.0710 0.0924
2016-07-20 15:40:39 385.87 15.51 13.18 48.93 98.06 0.0713 0.0936
2016-07-20 15:40:40 387.53 15.75 13.41 48.93 98.06 0.0715 0.0946
2016-07-20 15:40:41 388.31 15.94 13.60 48.98 98.06 0.0716 0.0953
2016-07-20 15:40:42 389.37 16.11 13.77 49.03 98.06 0.0718 0.0960
2016-07-20 15:40:43 391.89 16.29 13.93 49.05 98.04 0.0721 0.0967
2016-07-20 15:40:44 393.02 16.43 14.06 49.08 98.06 0.0722 0.0973
2016-07-20 15:40:45 394.61 16.55 14.18 49.12 98.04 0.0724 0.0978
2016-07-20 15:40:46 395.92 16.68 14.29 49.12 98.06 0.0726 0.0983
2016-07-20 15:40:47 397.56 16.78 14.40 49.17 98.08 0.0729 0.0987
2016-07-20 15:40:48 398.75 16.91 14.51 49.22 98.06 0.0730 0.0992
2016-07-20 15:40:49 399.77 17.01 14.60 49.27 98.06 0.0731 0.0996
2016-07-20 15:40:50 400.32 17.09 14.67 49.27 98.04 0.0732 0.0999
2016-07-20 15:40:51 400.92 17.12 14.70 49.32 98.04 0.0733 0.1000
2016-07-20 15:40:52 402.06 17.21 14.79 49.32 98.06 0.0734 0.1003
2016-07-20 15:40:53 402.59 17.27 14.84 49.37 98.06 0.0735 0.1006
2016-07-20 15:40:54 403.65 17.33 14.89 49.40 98.06 0.0736 0.1008
2016-07-20 15:40:55 405.06 17.40 14.95 49.42 98.08 0.0738 0.1011
2016-07-20 15:40:56 404.61 17.46 15.01 49.47 98.06 0.0737 0.1013
2016-07-20 15:40:57 407.12 17.51 15.05 49.49 98.04 0.0741 0.1014
2016-07-20 15:40:58 408.71 17.56 15.09 49.54 98.02 0.0742 0.1016
2016-07-20 15:40:59 408.56 17.58 15.11 49.57 98.04 0.0742 0.1017
2016-07-20 15:41:00 409.31 17.61 15.14 49.59 98.06 0.0744 0.1018
2016-07-20 15:41:01 411.62 17.63 15.15 49.62 98.06 0.0747 0.1019
2016-07-20 15:41:02 410.63 17.63 15.16 49.64 98.08 0.0745 0.1019
2016-07-20 15:41:03 410.19 17.64 15.17 49.69 98.06 0.0745 0.1019
2016-07-20 15:41:05 412.48 17.66 15.18 49.74 98.04 0.0747 0.1020
2016-07-20 15:41:06 412.94 17.65 15.18 49.77 98.07 0.0748 0.1020
2016-07-20 15:41:07 415.86 17.66 15.18 49.79 98.05 0.0752 0.1020
2016-07-20 15:41:08 420.62 17.63 15.16 49.82 98.07 0.0758 0.1019
2016-07-20 15:41:09 425.75 17.61 15.14 49.82 98.05 0.0765 0.1018
2016-07-20 15:41:10 428.62 17.59 15.13 49.87 98.08 0.0769 0.1017
2016-07-20 15:41:11 432.15 17.61 15.14 49.87 98.04 0.0773 0.1018
2016-07-20 15:41:12 430.72 17.63 15.15 49.89 98.06 0.0771 0.1018
2016-07-20 15:41:13 427.29 17.70 15.22 49.92 98.06 0.0767 0.1021
2016-07-20 15:41:14 423.71 17.77 15.28 49.94 98.05 0.0762 0.1024
2016-07-20 15:41:15 419.64 17.84 15.34 49.97 98.04 0.0756 0.1026
2016-07-20 15:41:16 415.66 17.87 15.37 49.99 98.06 0.0751 0.1027
2016-07-20 15:41:17 413.52 17.93 15.42 49.99 98.06 0.0748 0.1030
2016-07-20 15:41:18 411.45 17.93 15.42 50.02 98.06 0.0746 0.1030
2016-07-20 15:41:19 410.19 17.95 15.44 50.04 98.06 0.0744 0.1030
2016-07-20 15:41:20 410.10 17.97 15.45 50.04 98.06 0.0744 0.1031
2016-07-20 15:41:21 408.87 18.00 15.47 50.09 98.02 0.0742 0.1032
2016-07-20 15:41:22 408.82 17.99 15.47 50.12 98.04 0.0742 0.1032
2016-07-20 15:41:23 409.28 18.01 15.49 50.12 98.06 0.0743 0.1032
2016-07-20 15:41:24 408.63 18.02 15.49 50.12 98.04 0.0742 0.1033
2016-07-20 15:41:25 409.19 18.00 15.48 50.14 98.06 0.0742 0.1032
2016-07-20 15:41:26 410.26 18.03 15.51 50.17 98.06 0.0744 0.1033
2016-07-20 15:41:27 409.54 18.04 15.51 50.17 98.04 0.0743 0.1033
2016-07-20 15:41:28 410.48 18.04 15.51 50.19 98.04 0.0744 0.1033
2016-07-20 15:41:29 411.09 18.05 15.52 50.19 98.02 0.0745 0.1034
2016-07-20 15:41:30 411.10 18.07 15.54 50.22 98.06 0.0745 0.1035
2016-07-20 15:41:31 410.95 18.05 15.53 50.22 98.06 0.0745 0.1034
2016-07-20 15:41:32 411.44 18.05 15.52 50.24 98.06 0.0745 0.1034
2016-07-20 15:41:33 412.30 18.06 15.53 50.27 98.04 0.0746 0.1034
2016-07-20 15:41:34 412.12 18.07 15.54 50.29 98.03 0.0746 0.1034
2016-07-20 15:41:35 412.66 18.06 15.53 50.29 98.04 0.0747 0.1034
2016-07-20 15:41:36 412.62 18.06 15.53 50.32 98.02 0.0746 0.1034
2016-07-20 15:41:37 413.15 18.07 15.54 50.34 98.04 0.0747 0.1034
2016-07-20 15:41:38 412.82 18.08 15.55 50.34 98.06 0.0747 0.1035
2016-07-20 15:41:39 413.85 18.09 15.56 50.34 98.06 0.0748 0.1035
2016-07-20 15:41:40 413.58 18.09 15.56 50.37 98.06 0.0748 0.1035
2016-07-20 15:41:41 415.00 18.12 15.58 50.40 98.04 0.0750 0.1036
2016-07-20 15:41:42 415.20 18.13 15.59 50.40 98.06 0.0750 0.1036
2016-07-20 15:41:43 415.92 18.12 15.58 50.42 98.04 0.0751 0.1036
2016-07-20 15:41:44 415.27 18.11 15.57 50.42 98.05 0.0750 0.1036
2016-07-20 15:41:45 416.68 18.11 15.58 50.42 98.07 0.0752 0.1036
2016-07-20 15:41:46 416.95 18.12 15.58 50.45 98.04 0.0752 0.1036
2016-07-20 15:41:47 417.25 18.11 15.57 50.45 98.06 0.0753 0.1036
2016-07-20 15:41:48 417.84 18.12 15.59 50.45 98.08 0.0754 0.1036
2016-07-20 15:41:49 418.23 18.13 15.59 50.45 98.06 0.0754 0.1036
2016-07-20 15:41:50 418.52 18.14 15.60 50.45 98.04 0.0754 0.1037
2016-07-20 15:41:51 419.86 18.14 15.60 50.47 98.02 0.0756 0.1036
2016-07-20 15:41:52 420.27 18.16 15.62 50.47 98.06 0.0757 0.1037
2016-07-20 15:41:53 419.52 18.15 15.60 50.47 98.04 0.0755 0.1037
2016-07-20 15:41:54 421.04 18.14 15.60 50.45 98.06 0.0758 0.1037
2016-07-20 15:41:55 421.50 18.16 15.61 50.45 98.04 0.0758 0.1037
2016-07-20 15:41:56 424.33 18.14 15.60 50.45 98.06 0.0762 0.1037
2016-07-20 15:41:57 421.34 18.15 15.61 50.45 98.04 0.0758 0.1037
2016-07-20 15:41:58 422.68 18.16 15.62 50.45 98.06 0.0760 0.1038
2016-07-20 15:41:59 423.34 18.16 15.62 50.45 98.04 0.0760 0.1037
2016-07-20 15:42:00 424.12 18.16 15.62 50.47 98.04 0.0761 0.1037
2016-07-20 15:42:01 421.64 18.18 15.64 50.47 98.06 0.0758 0.1038
2016-07-20 15:42:02 425.62 18.17 15.62 50.47 98.06 0.0764 0.1038
2016-07-20 15:42:03 425.71 18.17 15.63 50.47 98.05 0.0764 0.1038
2016-07-20 15:42:04 426.31 18.19 15.64 50.47 98.03 0.0764 0.1038
2016-07-20 15:42:05 426.48 18.19 15.64 50.47 98.05 0.0765 0.1039
2016-07-20 15:42:06 426.77 18.19 15.64 50.47 98.03 0.0765 0.1038
2016-07-20 15:42:07 427.69 18.21 15.65 50.47 98.03 0.0766 0.1039
2016-07-20 15:42:08 428.05 18.21 15.66 50.47 98.05 0.0767 0.1039
2016-07-20 15:42:09 428.01 18.19 15.65 50.45 98.05 0.0767 0.1039
2016-07-20 15:42:10 428.56 18.19 15.64 50.45 98.07 0.0767 0.1039
