"2016-07-20 at 16:01"
Date(Y-M-D) Time(H:M:S) CO2(ppm) H2O(ppt) H2O(C) Cell_Temperature(C) Cell_Pressure(kPa) CO2_Absorption H2O_Absorption
2016-07-20 16:01:32 374.19 12.84 10.32 50.32 98.02 0.0694 0.0818
2016-07-20 16:01:33 374.85 12.92 10.41 50.32 98.02 0.0695 0.0822
2016-07-20 16:01:34 375.14 12.99 10.49 50.32 98.02 0.0695 0.0825
2016-07-20 16:01:35 374.79 13.00 10.51 50.32 98.04 0.0695 0.0825
2016-07-20 16:01:36 375.44 12.99 10.49 50.32 98.04 0.0696 0.0825
2016-07-20 16:01:37 378.91 12.95 10.45 50.34 98.03 0.0701 0.0823
2016-07-20 16:01:38 386.09 12.90 10.39 50.34 98.03 0.0710 0.0821
2016-07-20 16:01:39 393.00 12.96 10.46 50.34 98.03 0.0720 0.0823
2016-07-20 16:01:40 400.32 13.11 10.63 50.34 98.06 0.0730 0.0830
2016-07-20 16:01:41 407.13 13.35 10.90 50.34 98.04 0.0739 0.0841
2016-07-20 16:01:42 410.95 13.63 11.22 50.34 98.04 0.0744 0.0853
2016-07-20 16:01:43 411.20 13.97 11.59 50.34 98.04 0.0744 0.0868
2016-07-20 16:01:44 411.80 14.25 11.89 50.34 98.02 0.0745 0.0880
2016-07-20 16:01:45 413.48 14.54 12.19 50.34 98.02 0.0747 0.0892
2016-07-20 16:01:46 414.51 14.76 12.42 50.34 98.04 0.0749 0.0902
2016-07-20 16:01:47 415.89 14.99 12.66 50.34 98.06 0.0751 0.0912
2016-07-20 16:01:48 417.25 15.18 12.85 50.34 98.06 0.0752 0.0919
2016-07-20 16:01:49 418.75 15.36 13.03 50.34 98.06 0.0754 0.0927
2016-07-20 16:01:50 420.21 15.51 13.18 50.34 98.03 0.0756 0.0933
2016-07-20 16:01:51 421.75 15.67 13.33 50.34 98.03 0.0758 0.0939
2016-07-20 16:01:52 422.73 15.78 13.44 50.34 98.03 0.0760 0.0944
2016-07-20 16:01:53 424.02 15.90 13.56 50.34 98.03 0.0761 0.0949
2016-07-20 16:01:54 425.34 16.00 13.66 50.34 98.06 0.0763 0.0953
2016-07-20 16:01:55 425.78 16.10 13.75 50.34 98.06 0.0764 0.0957
2016-07-20 16:01:56 427.11 16.19 13.84 50.34 98.08 0.0766 0.0961
2016-07-20 16:01:57 428.51 16.29 13.93 50.34 98.06 0.0767 0.0965
2016-07-20 16:01:58 430.05 16.39 14.02 50.34 98.03 0.0769 0.0968
2016-07-20 16:01:59 431.52 16.47 14.10 50.34 98.01 0.0771 0.0972
2016-07-20 16:02:00 432.25 16.54 14.17 50.34 98.03 0.0772 0.0975
2016-07-20 16:02:01 432.99 16.58 14.20 50.34 98.03 0.0773 0.0976
2016-07-20 16:02:02 433.61 16.65 14.27 50.34 98.06 0.0774 0.0979
2016-07-20 16:02:03 434.71 16.70 14.31 50.34 98.06 0.0775 0.0981
2016-07-20 16:02:04 434.88 16.76 14.37 50.34 98.06 0.0776 0.0983
2016-07-20 16:02:05 435.77 16.83 14.43 50.34 98.06 0.0777 0.0986
2016-07-20 16:02:06 436.72 16.88 14.49 50.34 98.06 0.0778 0.0988
2016-07-20 16:02:07 437.63 16.94 14.53 50.34 98.01 0.0779 0.0990
2016-07-20 16:02:08 438.35 17.01 14.59 50.34 98.03 0.0780 0.0993
2016-07-20 16:02:09 439.70 17.06 14.65 50.34 98.06 0.0782 0.0995
2016-07-20 16:02:10 440.42 17.10 14.69 50.34 98.06 0.0783 0.0997
2016-07-20 16:02:11 440.32 17.14 14.72 50.34 98.06 0.0783 0.0998
2016-07-20 16:02:12 442.45 17.18 14.76 50.34 98.06 0.0785 0.1000
2016-07-20 16:02:13 442.20 17.23 14.80 50.34 98.06 0.0785 0.1002
2016-07-20 16:02:14 444.33 17.25 14.81 50.37 98.03 0.0788 0.1002
2016-07-20 16:02:15 444.97 17.28 14.84 50.34 98.03 0.0788 0.1004
2016-07-20 16:02:16 446.01 17.31 14.88 50.34 98.07 0.0790 0.1005
2016-07-20 16:02:17 445.94 17.35 14.91 50.34 98.03 0.0790 0.1006
2016-07-20 16:02:18 446.94 17.36 14.92 50.34 98.08 0.0791 0.1007
2016-07-20 16:02:19 446.77 17.42 14.97 50.34 98.06 0.0791 0.1009
2016-07-20 16:02:20 446.57 17.44 14.99 50.34 98.06 0.0791 0.1010
2016-07-20 16:02:21 447.21 17.48 15.02 50.34 98.03 0.0791 0.1011
2016-07-20 16:02:22 448.08 17.50 15.04 50.37 98.03 0.0792 0.1012
2016-07-20 16:02:23 448.25 17.51 15.04 50.34 98.03 0.0793 0.1012
2016-07-20 16:02:24 448.26 17.53 15.06 50.34 98.03 0.0793 0.1013
2016-07-20 16:02:25 448.46 17.56 15.09 50.34 98.06 0.0793 0.1015
2016-07-20 16:02:26 448.27 17.56 15.10 50.34 98.06 0.0793 0.1015
2016-07-20 16:02:27 449.22 17.58 15.12 50.34 98.06 0.0794 0.1016
2016-07-20 16:02:28 449.09 17.62 15.15 50.34 98.06 0.0794 0.1017
2016-07-20 16:02:29 449.37 17.64 15.17 50.37 98.03 0.0794 0.1018
2016-07-20 16:02:30 449.83 17.66 15.18 50.34 98.01 0.0794 0.1018
2016-07-20 16:02:31 451.50 17.70 15.21 50.34 98.03 0.0797 0.1020
2016-07-20 16:02:32 450.67 17.71 15.22 50.34 98.06 0.0796 0.1020
2016-07-20 16:02:33 451.64 17.72 15.24 50.34 98.08 0.0797 0.1021
2016-07-20 16:02:34 451.98 17.74 15.25 50.34 98.06 0.0798 0.1022
2016-07-20 16:02:35 452.96 17.76 15.27 50.34 98.06 0.0799 0.1022
2016-07-20 16:02:36 452.43 17.78 15.29 50.37 98.06 0.0798 0.1023
2016-07-20 16:02:37 452.84 17.80 15.30 50.34 98.03 0.0798 0.1024
2016-07-20 16:02:38 452.60 17.81 15.31 50.34 98.03 0.0798 0.1024
2016-07-20 16:02:39 453.23 17.84 15.34 50.34 98.06 0.0799 0.1025
2016-07-20 16:02:40 452.84 17.85 15.35 50.34 98.06 0.0799 0.1026
2016-07-20 16:02:41 452.79 17.86 15.36 50.34 98.08 0.0799 0.1026
2016-07-20 16:02:42 453.32 17.87 15.37 50.34 98.06 0.0799 0.1027
2016-07-20 16:02:43 453.68 17.89 15.38 50.34 98.06 0.0800 0.1027
2016-07-20 16:02:44 454.25 17.90 15.39 50.34 98.03 0.0800 0.1028
2016-07-20 16:02:45 454.26 17.91 15.40 50.34 98.03 0.0800 0.1028
2016-07-20 16:02:46 454.75 17.92 15.41 50.34 98.06 0.0801 0.1029
2016-07-20 16:02:47 455.40 17.94 15.42 50.34 98.03 0.0802 0.1029
2016-07-20 16:02:48 455.08 17.95 15.43 50.34 98.06 0.0802 0.1030
2016-07-20 16:02:49 454.66 17.95 15.44 50.34 98.06 0.0801 0.1030
2016-07-20 16:02:50 455.05 17.96 15.45 50.34 98.06 0.0801 0.1030
2016-07-20 16:02:51 454.78 17.96 15.44 50.34 98.03 0.0801 0.1030
2016-07-20 16:02:52 454.51 17.96 15.45 50.34 98.03 0.0801 0.1030
2016-07-20 16:02:53 454.58 17.98 15.46 50.34 98.03 0.0801 0.1031
2016-07-20 16:02:54 455.20 17.97 15.45 50.34 98.03 0.0801 0.1030
2016-07-20 16:02:55 455.15 17.97 15.45 50.34 98.06 0.0802 0.1030
2016-07-20 16:02:56 455.48 17.99 15.47 50.34 98.06 0.0802 0.1031
2016-07-20 16:02:57 455.82 18.01 15.48 50.34 98.03 0.0802 0.1032
2016-07-20 16:02:58 456.35 18.01 15.48 50.34 98.03 0.0803 0.1032
2016-07-20 16:02:59 456.61 18.03 15.50 50.34 98.05 0.0803 0.1033
2016-07-20 16:03:00 457.07 18.04 15.51 50.34 98.07 0.0804 0.1033
2016-07-20 16:03:01 456.64 18.04 15.52 50.34 98.05 0.0803 0.1033
2016-07-20 16:03:02 456.43 18.04 15.52 50.34 98.07 0.0803 0.1033
2016-07-20 16:03:03 455.98 18.04 15.52 50.34 98.09 0.0803 0.1034
2016-07-20 16:03:04 455.70 18.06 15.53 50.34 98.07 0.0802 0.1034
