"2016-07-20 at 17:22"
Date(Y-M-D) Time(H:M:S) CO2(ppm) H2O(ppt) H2O(C) Cell_Temperature(C) Cell_Pressure(kPa) CO2_Absorption H2O_Absorption
2016-07-20 17:22:14 378.89 13.81 11.42 50.34 98.08 0.0701 0.0861
2016-07-20 17:22:15 380.22 13.81 11.41 50.34 98.06 0.0703 0.0861
2016-07-20 17:22:16 381.37 13.79 11.39 50.34 98.08 0.0704 0.0860
2016-07-20 17:22:17 382.51 13.76 11.37 50.34 98.08 0.0706 0.0859
2016-07-20 17:22:18 383.28 13.79 11.39 50.34 98.08 0.0707 0.0860
2016-07-20 17:22:19 382.14 13.79 11.40 50.34 98.08 0.0705 0.0860
2016-07-20 17:22:20 381.45 13.86 11.47 50.34 98.08 0.0705 0.0863
2016-07-20 17:22:21 379.66 13.89 11.50 50.34 98.08 0.0702 0.0865
2016-07-20 17:22:22 380.26 14.13 11.76 50.34 98.05 0.0703 0.0875
2016-07-20 17:22:23 381.10 14.33 11.98 50.34 98.07 0.0704 0.0884
2016-07-20 17:22:24 381.84 14.61 12.27 50.34 98.08 0.0705 0.0895
2016-07-20 17:22:25 382.53 14.85 12.52 50.34 98.10 0.0706 0.0906
2016-07-20 17:22:26 384.59 15.18 12.85 50.34 98.08 0.0709 0.0919
2016-07-20 17:22:27 385.52 15.31 12.99 50.34 98.10 0.0710 0.0925
2016-07-20 17:22:28 386.06 15.42 13.10 50.34 98.10 0.0711 0.0930
2016-07-20 17:22:29 387.50 15.62 13.29 50.34 98.08 0.0713 0.0937
2016-07-20 17:22:30 388.74 15.76 13.42 50.34 98.08 0.0715 0.0943
2016-07-20 17:22:31 391.17 15.91 13.57 50.34 98.06 0.0718 0.0949
2016-07-20 17:22:32 392.56 16.02 13.68 50.34 98.10 0.0720 0.0954
2016-07-20 17:22:33 394.13 16.12 13.77 50.34 98.08 0.0722 0.0958
2016-07-20 17:22:34 395.82 16.22 13.87 50.34 98.08 0.0724 0.0962
2016-07-20 17:22:35 398.36 16.32 13.97 50.34 98.08 0.0728 0.0966
2016-07-20 17:22:36 399.45 16.39 14.04 50.34 98.08 0.0729 0.0969
2016-07-20 17:22:37 401.12 16.47 14.10 50.34 98.06 0.0731 0.0972
2016-07-20 17:22:38 402.07 16.53 14.16 50.37 98.08 0.0733 0.0974
2016-07-20 17:22:39 404.58 16.61 14.24 50.34 98.08 0.0736 0.0978
2016-07-20 17:22:40 405.57 16.67 14.29 50.34 98.08 0.0737 0.0980
2016-07-20 17:22:41 407.08 16.74 14.35 50.34 98.08 0.0739 0.0983
2016-07-20 17:22:42 410.23 16.81 14.42 50.34 98.08 0.0744 0.0986
2016-07-20 17:22:43 412.27 16.88 14.48 50.34 98.08 0.0746 0.0988
2016-07-20 17:22:44 412.73 16.93 14.53 50.34 98.08 0.0747 0.0990
2016-07-20 17:22:45 414.48 17.00 14.59 50.37 98.08 0.0749 0.0993
2016-07-20 17:22:46 415.65 17.04 14.63 50.34 98.08 0.0751 0.0995
2016-07-20 17:22:47 416.38 17.08 14.67 50.34 98.08 0.0752 0.0996
2016-07-20 17:22:48 417.27 17.12 14.71 50.34 98.10 0.0753 0.0998
2016-07-20 17:22:49 418.79 17.16 14.75 50.34 98.10 0.0755 0.1000
2016-07-20 17:22:50 419.30 17.18 14.76 50.34 98.10 0.0756 0.1000
2016-07-20 17:22:51 420.36 17.21 14.79 50.34 98.08 0.0757 0.1001
2016-07-20 17:22:52 420.44 17.24 14.82 50.34 98.08 0.0757 0.1003
2016-07-20 17:22:53 421.38 17.28 14.85 50.34 98.08 0.0758 0.1004
2016-07-20 17:22:54 423.57 17.33 14.89 50.34 98.06 0.0761 0.1006
2016-07-20 17:22:55 425.22 17.35 14.92 50.34 98.08 0.0763 0.1007
2016-07-20 17:22:56 426.50 17.39 14.96 50.34 98.12 0.0765 0.1009
2016-07-20 17:22:57 428.42 17.44 14.99 50.34 98.08 0.0767 0.1010
2016-07-20 17:22:58 428.56 17.47 15.01 50.34 98.06 0.0768 0.1011
2016-07-20 17:22:59 430.29 17.49 15.03 50.34 98.08 0.0770 0.1012
2016-07-20 17:23:00 430.46 17.52 15.06 50.34 98.06 0.0770 0.1013
2016-07-20 17:23:01 431.67 17.53 15.07 50.34 98.06 0.0772 0.1014
2016-07-20 17:23:02 432.01 17.54 15.09 50.34 98.10 0.0772 0.1015
2016-07-20 17:23:03 435.32 17.58 15.12 50.34 98.10 0.0777 0.1016
2016-07-20 17:23:04 434.80 17.61 15.14 50.34 98.08 0.0776 0.1017
2016-07-20 17:23:05 435.61 17.63 15.16 50.34 98.10 0.0777 0.1018
2016-07-20 17:23:06 436.84 17.65 15.18 50.34 98.10 0.0779 0.1019
2016-07-20 17:23:07 437.34 17.66 15.19 50.34 98.08 0.0779 0.1019
2016-07-20 17:23:08 436.57 17.69 15.21 50.34 98.06 0.0778 0.1020
2016-07-20 17:23:09 438.00 17.70 15.23 50.34 98.08 0.0780 0.1021
2016-07-20 17:23:10 438.27 17.72 15.24 50.34 98.08 0.0780 0.1021
2016-07-20 17:23:11 439.08 17.72 15.24 50.34 98.10 0.0781 0.1021
2016-07-20 17:23:12 439.99 17.75 15.27 50.34 98.10 0.0783 0.1022
2016-07-20 17:23:13 440.46 17.76 15.28 50.34 98.10 0.0783 0.1023
2016-07-20 17:23:14 441.07 17.78 15.29 50.34 98.06 0.0784 0.1023
2016-07-20 17:23:15 442.07 17.79 15.30 50.34 98.08 0.0785 0.1024
2016-07-20 17:23:16 442.19 17.81 15.32 50.34 98.10 0.0785 0.1025
2016-07-20 17:23:17 443.16 17.83 15.34 50.34 98.08 0.0787 0.1025
2016-07-20 17:23:18 444.20 17.84 15.35 50.34 98.08 0.0788 0.1026
2016-07-20 17:23:20 444.93 17.86 15.36 50.34 98.08 0.0789 0.1026
2016-07-20 17:23:21 444.60 17.87 15.37 50.34 98.08 0.0788 0.1027
2016-07-20 17:23:22 445.14 17.88 15.38 50.34 98.08 0.0789 0.1027
2016-07-20 17:23:23 445.97 17.89 15.38 50.34 98.06 0.0790 0.1027
2016-07-20 17:23:24 446.56 17.90 15.40 50.34 98.08 0.0791 0.1028
2016-07-20 17:23:25 446.22 17.91 15.40 50.34 98.08 0.0790 0.1028
2016-07-20 17:23:26 446.94 17.92 15.42 50.34 98.10 0.0792 0.1029
2016-07-20 17:23:27 447.76 17.92 15.42 50.34 98.10 0.0793 0.1029
2016-07-20 17:23:28 448.88 17.94 15.44 50.34 98.08 0.0794 0.1030
2016-07-20 17:23:29 450.71 17.96 15.45 50.34 98.08 0.0796 0.1030
2016-07-20 17:23:30 451.44 17.97 15.46 50.34 98.08 0.0797 0.1031
2016-07-20 17:23:31 452.23 17.98 15.46 50.34 98.08 0.0798 0.1031
2016-07-20 17:23:32 452.84 18.00 15.48 50.34 98.06 0.0799 0.1032
2016-07-20 17:23:33 453.00 18.00 15.48 50.34 98.08 0.0799 0.1032
2016-07-20 17:23:34 452.41 17.99 15.48 50.34 98.10 0.0799 0.1032
2016-07-20 17:23:35 452.69 18.00 15.49 50.34 98.10 0.0799 0.1032
2016-07-20 17:23:36 453.17 18.01 15.49 50.34 98.08 0.0799 0.1032
2016-07-20 17:23:37 453.07 18.01 15.50 50.34 98.10 0.0799 0.1033
2016-07-20 17:23:38 453.44 18.04 15.51 50.34 98.06 0.0799 0.1033
2016-07-20 17:23:39 453.20 18.05 15.53 50.34 98.06 0.0799 0.1034
2016-07-20 17:23:40 453.09 18.04 15.53 50.34 98.10 0.0799 0.1034
2016-07-20 17:23:41 453.85 18.07 15.55 50.34 98.10 0.0800 0.1035
2016-07-20 17:23:42 454.47 18.08 15.55 50.34 98.08 0.0801 0.1035
2016-07-20 17:23:43 455.34 18.07 15.55 50.34 98.08 0.0802 0.1035
2016-07-20 17:23:44 455.40 18.07 15.55 50.34 98.08 0.0802 0.1035
2016-07-20 17:23:45 457.33 18.08 15.55 50.34 98.06 0.0804 0.1035
2016-07-20 17:23:46 457.57 18.09 15.56 50.34 98.06 0.0805 0.1035
2016-07-20 17:23:47 457.36 18.09 15.56 50.34 98.08 0.0805 0.1035
2016-07-20 17:23:48 456.64 18.09 15.57 50.34 98.10 0.0804 0.1036
2016-07-20 17:23:49 457.90 18.11 15.59 50.34 98.10 0.0805 0.1036
2016-07-20 17:23:50 458.40 18.13 15.60 50.34 98.08 0.0806 0.1037
2016-07-20 17:23:51 458.72 18.12 15.59 50.34 98.08 0.0806 0.1037
2016-07-20 17:23:52 459.65 18.13 15.60 50.34 98.08 0.0807 0.1037
2016-07-20 17:23:53 460.07 18.13 15.60 50.34 98.08 0.0808 0.1037
2016-07-20 17:23:54 459.55 18.13 15.60 50.34 98.08 0.0807 0.1037
2016-07-20 17:23:55 460.05 18.14 15.60 50.34 98.08 0.0808 0.1037
2016-07-20 17:23:56 456.87 18.15 15.62 50.34 98.10 0.0804 0.1038
2016-07-20 17:23:57 457.52 18.15 15.62 50.34 98.10 0.0805 0.1038
2016-07-20 17:23:58 457.92 18.16 15.62 50.34 98.08 0.0805 0.1038
2016-07-20 17:23:59 458.52 18.17 15.63 50.34 98.08 0.0806 0.1038
2016-07-20 17:24:00 458.30 18.17 15.63 50.34 98.06 0.0806 0.1038
2016-07-20 17:24:01 461.64 18.17 15.63 50.34 98.08 0.0810 0.1038
2016-07-20 17:24:02 462.40 18.16 15.63 50.34 98.08 0.0811 0.1038
2016-07-20 17:24:03 462.89 18.18 15.64 50.34 98.08 0.0812 0.1039
2016-07-20 17:24:04 462.95 18.17 15.63 50.34 98.08 0.0812 0.1038
2016-07-20 17:24:05 462.87 18.18 15.64 50.34 98.08 0.0812 0.1039
2016-07-20 17:24:06 463.72 18.18 15.64 50.34 98.08 0.0813 0.1039
2016-07-20 17:24:07 462.63 18.19 15.64 50.34 98.06 0.0811 0.1039
2016-07-20 17:24:08 463.62 18.19 15.64 50.34 98.08 0.0812 0.1039
2016-07-20 17:24:09 463.70 18.20 15.66 50.34 98.08 0.0813 0.1040
2016-07-20 17:24:10 464.26 18.20 15.66 50.34 98.08 0.0813 0.1040
2016-07-20 17:24:11 464.14 18.20 15.66 50.34 98.08 0.0813 0.1040
2016-07-20 17:24:12 465.67 18.21 15.67 50.34 98.08 0.0815 0.1040
2016-07-20 17:24:13 465.33 18.21 15.67 50.34 98.10 0.0815 0.1040
2016-07-20 17:24:14 465.23 18.22 15.67 50.34 98.10 0.0815 0.1040
2016-07-20 17:24:15 465.95 18.22 15.67 50.34 98.06 0.0815 0.1040
2016-07-20 17:24:16 466.63 18.23 15.68 50.34 98.06 0.0816 0.1040
2016-07-20 17:24:17 465.99 18.22 15.68 50.34 98.08 0.0815 0.1040
2016-07-20 17:24:18 465.29 18.22 15.68 50.34 98.10 0.0815 0.1040
2016-07-20 17:24:19 466.22 18.22 15.68 50.34 98.10 0.0816 0.1041
2016-07-20 17:24:20 466.44 18.23 15.69 50.34 98.10 0.0816 0.1041
2016-07-20 17:24:21 466.41 18.24 15.69 50.34 98.08 0.0816 0.1041
2016-07-20 17:24:22 466.69 18.24 15.69 50.34 98.06 0.0816 0.1041
2016-07-20 17:24:23 467.75 18.25 15.70 50.34 98.06 0.0817 0.1041
2016-07-20 17:24:24 467.29 18.25 15.70 50.34 98.08 0.0817 0.1041
2016-07-20 17:24:25 467.54 18.24 15.70 50.34 98.10 0.0818 0.1041
2016-07-20 17:24:26 467.19 18.24 15.70 50.34 98.10 0.0817 0.1041
2016-07-20 17:24:27 467.00 18.25 15.70 50.34 98.10 0.0817 0.1042
2016-07-20 17:24:28 466.96 18.25 15.70 50.34 98.10 0.0817 0.1042
2016-07-20 17:24:29 467.47 18.27 15.71 50.37 98.08 0.0817 0.1042
2016-07-20 17:24:30 466.69 18.27 15.71 50.37 98.08 0.0816 0.1042
