"2016-07-23 at 15:31"
Date(Y-M-D) Time(H:M:S) CO2(ppm) H2O(ppt) H2O(C) Cell_Temperature(C) Cell_Pressure(kPa) CO2_Absorption H2O_Absorption
2016-07-23 15:31:37 370.14 20.83 17.61 50.32 97.00 0.0682 0.1125
2016-07-23 15:31:38 371.62 20.96 17.70 50.32 97.00 0.0684 0.1129
2016-07-23 15:31:39 372.98 21.05 17.78 50.32 97.00 0.0686 0.1133
2016-07-23 15:31:40 373.89 21.14 17.84 50.34 96.98 0.0687 0.1135
2016-07-23 15:31:41 379.62 21.00 17.73 50.37 96.98 0.0694 0.1131
2016-07-23 15:31:42 385.78 20.98 17.72 50.34 97.00 0.0703 0.1130
2016-07-23 15:31:43 414.91 21.01 17.75 50.34 97.00 0.0742 0.1131
2016-07-23 15:31:44 427.83 20.93 17.68 50.34 97.02 0.0758 0.1129
2016-07-23 15:31:45 437.12 20.83 17.61 50.34 97.02 0.0770 0.1125
2016-07-23 15:31:46 451.38 20.97 17.71 50.34 97.00 0.0788 0.1130
2016-07-23 15:31:47 446.99 21.08 17.80 50.34 97.00 0.0783 0.1134
2016-07-23 15:31:48 428.43 21.13 17.83 50.34 97.00 0.0759 0.1135
2016-07-23 15:31:49 426.94 21.57 18.15 50.34 96.97 0.0757 0.1150
2016-07-23 15:31:50 430.39 22.12 18.56 50.34 97.00 0.0762 0.1170
2016-07-23 15:31:51 430.68 22.67 18.96 50.34 97.00 0.0762 0.1188
2016-07-23 15:31:52 438.86 23.17 19.31 50.34 97.00 0.0773 0.1205
2016-07-23 15:31:53 441.89 23.78 19.72 50.34 96.98 0.0776 0.1225
2016-07-23 15:31:54 445.50 24.14 19.97 50.34 97.00 0.0781 0.1237
2016-07-23 15:31:55 450.37 24.47 20.18 50.34 96.98 0.0787 0.1247
2016-07-23 15:31:56 453.81 24.83 20.42 50.34 96.98 0.0792 0.1259
2016-07-23 15:31:57 457.06 25.14 20.62 50.34 96.98 0.0796 0.1269
2016-07-23 15:31:58 460.48 25.42 20.80 50.34 97.00 0.0800 0.1278
2016-07-23 15:31:59 464.05 25.68 20.97 50.34 97.00 0.0805 0.1286
2016-07-23 15:32:00 465.21 25.92 21.12 50.34 97.00 0.0806 0.1294
2016-07-23 15:32:01 468.62 26.17 21.27 50.34 96.98 0.0810 0.1301
2016-07-23 15:32:02 472.58 26.41 21.43 50.34 97.00 0.0815 0.1309
2016-07-23 15:32:03 475.10 26.64 21.56 50.34 96.98 0.0818 0.1316
2016-07-23 15:32:04 476.91 26.82 21.67 50.34 96.96 0.0820 0.1321
2016-07-23 15:32:05 479.65 27.00 21.78 50.34 96.98 0.0824 0.1327
2016-07-23 15:32:06 481.02 27.08 21.83 50.34 97.00 0.0826 0.1329
2016-07-23 15:32:07 482.29 27.26 21.94 50.34 96.98 0.0827 0.1335
2016-07-23 15:32:08 485.22 27.42 22.04 50.34 96.98 0.0831 0.1340
2016-07-23 15:32:09 487.88 27.56 22.12 50.34 97.00 0.0834 0.1344
2016-07-23 15:32:11 491.39 27.76 22.24 50.34 96.98 0.0838 0.1350
2016-07-23 15:32:12 493.21 27.90 22.32 50.34 96.98 0.0840 0.1354
2016-07-23 15:32:13 495.54 28.04 22.40 50.37 96.97 0.0843 0.1358
2016-07-23 15:32:14 498.58 28.20 22.50 50.34 97.00 0.0847 0.1363
2016-07-23 15:32:15 500.28 28.31 22.56 50.34 97.00 0.0849 0.1366
2016-07-23 15:32:16 501.45 28.41 22.62 50.34 97.00 0.0851 0.1370
2016-07-23 15:32:17 503.12 28.54 22.69 50.34 96.98 0.0852 0.1373
2016-07-23 15:32:18 503.93 28.64 22.75 50.34 96.96 0.0853 0.1376
2016-07-23 15:32:19 503.37 28.72 22.80 50.37 96.98 0.0853 0.1378
2016-07-23 15:32:20 505.40 28.81 22.85 50.37 97.00 0.0855 0.1381
2016-07-23 15:32:21 506.30 28.92 22.91 50.34 96.97 0.0856 0.1384
2016-07-23 15:32:22 508.34 29.00 22.96 50.34 96.98 0.0859 0.1387
2016-07-23 15:32:23 511.03 29.10 23.01 50.34 96.98 0.0862 0.1390
2016-07-23 15:32:24 512.85 29.17 23.06 50.34 97.00 0.0864 0.1392
2016-07-23 15:32:25 513.56 29.26 23.11 50.34 97.00 0.0865 0.1395
2016-07-23 15:32:26 515.31 29.35 23.16 50.37 96.98 0.0867 0.1397
2016-07-23 15:32:27 516.72 29.43 23.20 50.37 96.96 0.0868 0.1399
2016-07-23 15:32:28 517.87 29.49 23.23 50.34 96.98 0.0870 0.1401
2016-07-23 15:32:29 518.72 29.56 23.27 50.34 96.98 0.0871 0.1403
2016-07-23 15:32:30 519.29 29.62 23.31 50.34 96.98 0.0872 0.1405
2016-07-23 15:32:31 519.52 29.68 23.34 50.34 96.98 0.0872 0.1407
2016-07-23 15:32:32 520.57 29.75 23.38 50.37 97.00 0.0873 0.1409
2016-07-23 15:32:33 521.13 29.82 23.42 50.37 96.98 0.0874 0.1411
2016-07-23 15:32:34 523.11 29.89 23.45 50.37 96.96 0.0876 0.1412
2016-07-23 15:32:35 523.68 29.94 23.49 50.40 97.00 0.0877 0.1414
2016-07-23 15:32:36 523.43 29.99 23.51 50.34 96.98 0.0877 0.1416
2016-07-23 15:32:37 526.45 30.03 23.53 50.34 96.98 0.0880 0.1417
2016-07-23 15:32:38 527.10 30.05 23.55 50.34 96.98 0.0881 0.1417
2016-07-23 15:32:39 526.20 30.09 23.57 50.34 96.98 0.0880 0.1419
2016-07-23 15:32:40 527.19 30.15 23.60 50.34 96.98 0.0881 0.1420
2016-07-23 15:32:41 521.90 30.22 23.64 50.37 96.98 0.0875 0.1422
2016-07-23 15:32:42 529.07 30.23 23.65 50.40 96.98 0.0883 0.1422
2016-07-23 15:32:43 528.70 30.30 23.68 50.37 97.00 0.0883 0.1425
2016-07-23 15:32:44 528.67 30.32 23.70 50.34 97.02 0.0883 0.1426
2016-07-23 15:32:45 529.85 30.36 23.72 50.34 97.00 0.0884 0.1426
2016-07-23 15:32:46 531.33 30.39 23.74 50.34 97.00 0.0886 0.1427
2016-07-23 15:32:47 530.47 30.44 23.76 50.34 97.00 0.0885 0.1429
2016-07-23 15:32:48 530.57 30.46 23.77 50.34 96.98 0.0885 0.1429
2016-07-23 15:32:49 531.32 30.51 23.80 50.34 96.96 0.0886 0.1430
2016-07-23 15:32:50 530.45 30.54 23.81 50.37 96.96 0.0885 0.1431
2016-07-23 15:32:51 529.86 30.55 23.82 50.37 97.02 0.0884 0.1432
2016-07-23 15:32:52 533.01 30.58 23.84 50.37 97.00 0.0888 0.1433
2016-07-23 15:32:53 533.06 30.61 23.86 50.37 97.00 0.0888 0.1434
2016-07-23 15:32:54 534.44 30.64 23.87 50.37 97.00 0.0890 0.1435
2016-07-23 15:32:55 534.97 30.68 23.89 50.37 96.98 0.0890 0.1435
2016-07-23 15:32:56 535.27 30.70 23.90 50.37 96.98 0.0890 0.1436
2016-07-23 15:32:57 532.87 30.71 23.91 50.40 97.00 0.0888 0.1436
2016-07-23 15:32:58 533.34 30.73 23.92 50.34 96.96 0.0888 0.1437
2016-07-23 15:32:59 532.67 30.73 23.92 50.34 96.98 0.0887 0.1437
2016-07-23 15:33:00 532.02 30.74 23.93 50.34 97.00 0.0887 0.1437
2016-07-23 15:33:01 531.52 30.78 23.94 50.34 96.98 0.0886 0.1438
2016-07-23 15:33:02 530.93 30.79 23.95 50.34 96.98 0.0885 0.1438
2016-07-23 15:33:03 530.91 30.80 23.96 50.37 96.98 0.0885 0.1439
2016-07-23 15:33:04 531.53 30.84 23.97 50.40 96.96 0.0886 0.1439
2016-07-23 15:33:05 531.08 30.83 23.97 50.37 97.00 0.0886 0.1440
2016-07-23 15:33:06 531.49 30.85 23.98 50.34 96.98 0.0886 0.1440
2016-07-23 15:33:07 531.36 30.86 23.99 50.34 97.00 0.0886 0.1441
2016-07-23 15:33:08 531.72 30.89 24.01 50.34 97.00 0.0887 0.1442
2016-07-23 15:33:09 533.10 30.92 24.02 50.34 97.00 0.0888 0.1442
2016-07-23 15:33:10 533.68 30.96 24.04 50.34 96.98 0.0889 0.1443
2016-07-23 15:33:11 533.59 30.98 24.05 50.34 96.98 0.0889 0.1444
2016-07-23 15:33:12 534.75 31.00 24.06 50.34 96.98 0.0890 0.1444
2016-07-23 15:33:13 534.70 31.02 24.07 50.34 96.98 0.0890 0.1445
2016-07-23 15:33:14 534.29 31.02 24.08 50.34 96.98 0.0889 0.1445
2016-07-23 15:33:15 534.89 31.05 24.09 50.34 96.98 0.0890 0.1446
2016-07-23 15:33:16 535.18 31.06 24.10 50.34 96.98 0.0890 0.1446
2016-07-23 15:33:17 535.79 31.09 24.11 50.34 96.98 0.0891 0.1447
2016-07-23 15:33:18 537.42 31.10 24.12 50.34 97.00 0.0893 0.1448
2016-07-23 15:33:19 537.07 31.13 24.14 50.37 97.00 0.0893 0.1448
2016-07-23 15:33:20 537.37 31.14 24.14 50.37 97.00 0.0893 0.1449
2016-07-23 15:33:21 537.35 31.17 24.16 50.34 97.00 0.0893 0.1450
2016-07-23 15:33:22 538.18 31.20 24.17 50.34 96.98 0.0894 0.1450
2016-07-23 15:33:23 536.68 31.21 24.18 50.34 97.00 0.0892 0.1451
2016-07-23 15:33:24 537.15 31.23 24.19 50.34 96.98 0.0893 0.1451
2016-07-23 15:33:25 536.82 31.26 24.20 50.34 97.00 0.0893 0.1452
2016-07-23 15:33:26 536.86 31.30 24.22 50.37 96.96 0.0892 0.1452
2016-07-23 15:33:27 536.31 31.29 24.22 50.37 97.00 0.0892 0.1453
2016-07-23 15:33:28 536.66 31.30 24.23 50.34 97.00 0.0892 0.1453
2016-07-23 15:33:29 537.73 31.34 24.25 50.34 96.98 0.0893 0.1454
2016-07-23 15:33:30 537.34 31.35 24.25 50.34 96.98 0.0893 0.1454
2016-07-23 15:33:31 537.80 31.36 24.26 50.34 97.00 0.0894 0.1455
2016-07-23 15:33:32 537.65 31.41 24.28 50.34 97.00 0.0894 0.1456
2016-07-23 15:33:33 538.10 31.43 24.29 50.34 96.98 0.0894 0.1457
2016-07-23 15:33:34 538.52 31.44 24.30 50.37 96.98 0.0894 0.1457
2016-07-23 15:33:35 541.65 31.46 24.31 50.34 96.96 0.0898 0.1457
2016-07-23 15:33:36 540.42 31.47 24.31 50.34 96.98 0.0897 0.1458
2016-07-23 15:33:37 542.05 31.45 24.31 50.34 97.00 0.0899 0.1457
2016-07-23 15:33:38 540.88 31.46 24.32 50.34 97.00 0.0897 0.1458
2016-07-23 15:33:39 541.26 31.47 24.32 50.34 96.98 0.0898 0.1458
2016-07-23 15:33:40 542.02 31.48 24.32 50.37 96.98 0.0898 0.1458
2016-07-23 15:33:41 542.68 31.48 24.32 50.40 96.98 0.0899 0.1458
2016-07-23 15:33:42 539.67 31.49 24.32 50.34 96.98 0.0896 0.1458
2016-07-23 15:33:43 538.59 31.49 24.33 50.34 96.98 0.0894 0.1458
2016-07-23 15:33:44 538.20 31.49 24.33 50.34 97.00 0.0894 0.1459
2016-07-23 15:33:45 537.40 31.52 24.34 50.34 96.98 0.0893 0.1459
2016-07-23 15:33:46 538.02 31.52 24.34 50.34 96.98 0.0894 0.1459
2016-07-23 15:33:47 539.17 31.54 24.35 50.34 96.98 0.0895 0.1460
2016-07-23 15:33:48 538.79 31.57 24.37 50.37 96.98 0.0895 0.1460
2016-07-23 15:33:49 538.91 31.58 24.37 50.37 96.98 0.0895 0.1461
2016-07-23 15:33:50 539.38 31.59 24.38 50.37 96.98 0.0895 0.1461
2016-07-23 15:33:51 538.46 31.61 24.39 50.34 96.98 0.0894 0.1462
2016-07-23 15:33:52 537.82 31.61 24.39 50.34 97.00 0.0894 0.1462
2016-07-23 15:33:53 538.35 31.64 24.41 50.34 97.00 0.0894 0.1463
2016-07-23 15:33:54 538.23 31.63 24.40 50.34 97.00 0.0894 0.1462
2016-07-23 15:33:55 538.14 31.64 24.41 50.34 97.00 0.0894 0.1463
