"2016-07-23 at 12:22"
Date(Y-M-D) Time(H:M:S) CO2(ppm) H2O(ppt) H2O(C) Cell_Temperature(C) Cell_Pressure(kPa) CO2_Absorption H2O_Absorption
2016-07-23 12:22:39 370.91 20.30 17.11 50.34 96.43 0.0678 0.1100
2016-07-23 12:22:40 371.02 20.46 17.23 50.34 96.43 0.0679 0.1106
2016-07-23 12:22:41 370.80 20.55 17.30 50.34 96.43 0.0678 0.1109
2016-07-23 12:22:42 370.33 20.52 17.28 50.34 96.43 0.0678 0.1108
2016-07-23 12:22:43 370.21 20.56 17.30 50.37 96.41 0.0677 0.1109
2016-07-23 12:22:44 370.36 20.62 17.35 50.34 96.45 0.0678 0.1112
2016-07-23 12:22:45 369.84 20.62 17.35 50.34 96.45 0.0677 0.1112
2016-07-23 12:22:46 369.88 20.62 17.36 50.34 96.45 0.0677 0.1112
2016-07-23 12:22:47 369.47 20.67 17.39 50.34 96.42 0.0676 0.1113
2016-07-23 12:22:48 369.31 20.62 17.35 50.34 96.42 0.0676 0.1111
2016-07-23 12:22:49 368.92 20.46 17.23 50.37 96.45 0.0676 0.1106
2016-07-23 12:22:50 367.93 20.32 17.12 50.40 96.42 0.0674 0.1101
2016-07-23 12:22:51 367.95 20.22 17.04 50.37 96.41 0.0674 0.1097
2016-07-23 12:22:52 368.07 20.12 16.97 50.34 96.41 0.0674 0.1094
2016-07-23 12:22:53 368.33 20.29 17.09 50.34 96.42 0.0675 0.1099
2016-07-23 12:22:54 369.05 20.60 17.33 50.34 96.40 0.0676 0.1110
2016-07-23 12:22:55 369.61 20.77 17.46 50.34 96.43 0.0677 0.1117
2016-07-23 12:22:56 370.04 21.01 17.64 50.34 96.40 0.0677 0.1125
2016-07-23 12:22:57 371.19 21.43 17.95 50.37 96.38 0.0679 0.1139
2016-07-23 12:22:58 372.03 21.73 18.17 50.40 96.36 0.0680 0.1149
2016-07-23 12:22:59 370.68 22.03 18.39 50.37 96.36 0.0678 0.1159
2016-07-23 12:23:00 370.72 22.16 18.49 50.37 96.38 0.0678 0.1164
2016-07-23 12:23:01 370.63 22.42 18.68 50.34 96.38 0.0678 0.1173
2016-07-23 12:23:02 370.21 22.61 18.81 50.34 96.38 0.0677 0.1179
2016-07-23 12:23:03 369.95 22.76 18.92 50.34 96.40 0.0677 0.1185
2016-07-23 12:23:04 370.34 22.88 19.00 50.34 96.38 0.0678 0.1188
2016-07-23 12:23:05 370.40 23.10 19.16 50.37 96.40 0.0678 0.1196
2016-07-23 12:23:06 371.36 23.23 19.24 50.34 96.38 0.0679 0.1200
2016-07-23 12:23:07 372.14 23.38 19.35 50.34 96.38 0.0680 0.1205
2016-07-23 12:23:08 372.89 23.49 19.42 50.34 96.40 0.0681 0.1209
2016-07-23 12:23:09 373.93 23.60 19.50 50.34 96.40 0.0683 0.1212
2016-07-23 12:23:10 374.46 23.70 19.57 50.34 96.38 0.0683 0.1215
2016-07-23 12:23:11 374.57 23.82 19.65 50.34 96.40 0.0684 0.1220
2016-07-23 12:23:12 374.90 23.92 19.72 50.34 96.40 0.0684 0.1223
2016-07-23 12:23:13 375.14 24.05 19.81 50.34 96.40 0.0684 0.1227
2016-07-23 12:23:14 375.76 24.14 19.86 50.34 96.40 0.0685 0.1230
2016-07-23 12:23:15 376.18 24.25 19.94 50.34 96.40 0.0686 0.1233
2016-07-23 12:23:16 376.88 24.33 19.99 50.34 96.40 0.0687 0.1236
2016-07-23 12:23:17 377.85 24.45 20.07 50.34 96.40 0.0688 0.1240
2016-07-23 12:23:18 378.65 24.56 20.15 50.34 96.40 0.0689 0.1244
2016-07-23 12:23:19 378.64 24.70 20.23 50.34 96.40 0.0689 0.1248
2016-07-23 12:23:20 376.98 24.80 20.30 50.34 96.40 0.0687 0.1251
2016-07-23 12:23:21 378.76 24.91 20.38 50.37 96.40 0.0689 0.1255
2016-07-23 12:23:22 379.64 24.98 20.42 50.34 96.40 0.0690 0.1257
2016-07-23 12:23:23 379.42 25.02 20.44 50.34 96.40 0.0690 0.1258
2016-07-23 12:23:24 381.26 25.08 20.48 50.34 96.38 0.0693 0.1260
2016-07-23 12:23:25 379.56 25.13 20.52 50.34 96.40 0.0690 0.1262
2016-07-23 12:23:26 385.16 25.18 20.54 50.34 96.38 0.0698 0.1263
2016-07-23 12:23:27 386.06 25.23 20.58 50.37 96.38 0.0699 0.1265
2016-07-23 12:23:28 386.76 25.31 20.63 50.37 96.40 0.0700 0.1267
2016-07-23 12:23:29 387.14 25.40 20.69 50.34 96.42 0.0701 0.1270
2016-07-23 12:23:30 387.39 25.50 20.75 50.34 96.40 0.0701 0.1273
2016-07-23 12:23:31 387.59 25.58 20.80 50.34 96.38 0.0701 0.1276
2016-07-23 12:23:32 387.88 25.62 20.83 50.34 96.43 0.0702 0.1277
2016-07-23 12:23:33 388.61 25.69 20.87 50.34 96.40 0.0703 0.1279
2016-07-23 12:23:34 388.63 25.72 20.89 50.34 96.40 0.0703 0.1280
2016-07-23 12:23:35 389.32 25.78 20.93 50.37 96.38 0.0703 0.1282
2016-07-23 12:23:36 389.61 25.82 20.95 50.37 96.38 0.0704 0.1283
2016-07-23 12:23:37 389.52 25.88 20.99 50.34 96.40 0.0704 0.1285
2016-07-23 12:23:38 389.73 25.91 21.01 50.34 96.42 0.0704 0.1286
2016-07-23 12:23:39 389.92 25.93 21.02 50.34 96.40 0.0704 0.1287
2016-07-23 12:23:40 389.60 25.97 21.05 50.34 96.40 0.0704 0.1288
2016-07-23 12:23:41 390.89 26.03 21.09 50.34 96.40 0.0706 0.1290
2016-07-23 12:23:42 391.26 26.07 21.11 50.37 96.42 0.0706 0.1291
2016-07-23 12:23:43 391.68 26.12 21.14 50.37 96.40 0.0707 0.1293
2016-07-23 12:23:44 392.46 26.21 21.20 50.34 96.40 0.0708 0.1295
2016-07-23 12:23:45 393.81 26.23 21.21 50.34 96.40 0.0710 0.1296
2016-07-23 12:23:46 394.36 26.26 21.23 50.34 96.40 0.0710 0.1297
2016-07-23 12:23:47 395.03 26.33 21.27 50.34 96.40 0.0711 0.1299
2016-07-23 12:23:48 396.12 26.38 21.30 50.34 96.40 0.0713 0.1301
2016-07-23 12:23:49 397.13 26.41 21.33 50.37 96.42 0.0714 0.1302
2016-07-23 12:23:50 397.56 26.51 21.38 50.37 96.40 0.0715 0.1305
2016-07-23 12:23:51 398.16 26.57 21.42 50.34 96.40 0.0715 0.1307
2016-07-23 12:23:52 398.12 26.59 21.44 50.34 96.42 0.0715 0.1307
2016-07-23 12:23:53 399.49 26.65 21.47 50.34 96.40 0.0717 0.1309
2016-07-23 12:23:54 399.99 26.69 21.49 50.34 96.40 0.0718 0.1310
2016-07-23 12:23:55 400.75 26.75 21.53 50.34 96.40 0.0719 0.1312
2016-07-23 12:23:56 401.66 26.81 21.57 50.34 96.40 0.0720 0.1314
2016-07-23 12:23:57 402.40 26.88 21.61 50.37 96.40 0.0721 0.1316
2016-07-23 12:23:58 402.50 26.91 21.63 50.34 96.42 0.0721 0.1317
2016-07-23 12:23:59 403.10 26.99 21.68 50.34 96.42 0.0722 0.1320
2016-07-23 12:24:00 403.43 27.00 21.69 50.34 96.42 0.0722 0.1320
2016-07-23 12:24:01 403.72 27.07 21.72 50.34 96.38 0.0723 0.1322
2016-07-23 12:24:03 404.04 27.11 21.75 50.34 96.40 0.0723 0.1323
2016-07-23 12:24:04 404.66 27.19 21.79 50.34 96.38 0.0724 0.1325
2016-07-23 12:24:05 405.30 27.22 21.81 50.34 96.40 0.0725 0.1326
2016-07-23 12:24:06 406.45 27.30 21.86 50.37 96.38 0.0726 0.1328
2016-07-23 12:24:07 406.63 27.32 21.88 50.34 96.42 0.0727 0.1330
2016-07-23 12:24:08 407.90 27.35 21.90 50.34 96.40 0.0728 0.1330
2016-07-23 12:24:09 408.96 27.38 21.92 50.34 96.42 0.0730 0.1331
2016-07-23 12:24:10 409.54 27.43 21.94 50.34 96.38 0.0730 0.1333
2016-07-23 12:24:11 410.04 27.47 21.96 50.34 96.38 0.0731 0.1334
2016-07-23 12:24:12 411.61 27.46 21.96 50.37 96.40 0.0733 0.1334
2016-07-23 12:24:13 412.37 27.51 21.99 50.40 96.40 0.0734 0.1335
2016-07-23 12:24:14 412.58 27.55 22.01 50.37 96.40 0.0734 0.1336
2016-07-23 12:24:15 412.96 27.57 22.03 50.34 96.40 0.0735 0.1337
2016-07-23 12:24:16 413.96 27.63 22.06 50.34 96.40 0.0736 0.1339
2016-07-23 12:24:17 413.77 27.70 22.11 50.34 96.42 0.0736 0.1341
2016-07-23 12:24:18 413.86 27.73 22.12 50.34 96.40 0.0736 0.1342
2016-07-23 12:24:19 414.55 27.75 22.13 50.34 96.40 0.0737 0.1342
2016-07-23 12:24:20 417.78 27.79 22.16 50.37 96.40 0.0741 0.1344
2016-07-23 12:24:21 413.92 27.80 22.16 50.37 96.40 0.0736 0.1344
2016-07-23 12:24:22 415.18 27.79 22.15 50.34 96.40 0.0738 0.1343
2016-07-23 12:24:23 415.67 27.80 22.16 50.34 96.40 0.0738 0.1344
2016-07-23 12:24:24 415.72 27.79 22.16 50.34 96.42 0.0739 0.1344
2016-07-23 12:24:25 416.25 27.82 22.18 50.34 96.40 0.0739 0.1345
2016-07-23 12:24:26 419.10 27.83 22.18 50.34 96.40 0.0743 0.1345
2016-07-23 12:24:27 418.20 27.82 22.18 50.34 96.42 0.0742 0.1345
2016-07-23 12:24:28 417.91 27.88 22.21 50.37 96.40 0.0741 0.1346
2016-07-23 12:24:29 418.01 27.91 22.23 50.34 96.40 0.0741 0.1347
2016-07-23 12:24:30 417.71 27.88 22.21 50.34 96.42 0.0741 0.1347
2016-07-23 12:24:31 417.48 27.93 22.24 50.34 96.42 0.0741 0.1348
2016-07-23 12:24:32 417.12 27.93 22.25 50.34 96.43 0.0741 0.1348
2016-07-23 12:24:33 418.09 27.92 22.23 50.34 96.38 0.0741 0.1347
2016-07-23 12:24:34 418.12 27.94 22.25 50.37 96.40 0.0742 0.1348
2016-07-23 12:24:35 418.35 27.94 22.24 50.37 96.40 0.0742 0.1348
2016-07-23 12:24:36 418.93 27.93 22.24 50.37 96.40 0.0743 0.1348
2016-07-23 12:24:37 419.81 27.94 22.25 50.34 96.42 0.0744 0.1348
2016-07-23 12:24:38 420.12 27.99 22.27 50.34 96.40 0.0744 0.1350
2016-07-23 12:24:39 420.39 28.00 22.28 50.34 96.43 0.0745 0.1350
2016-07-23 12:24:40 421.16 28.08 22.33 50.34 96.40 0.0746 0.1352
2016-07-23 12:24:41 421.33 28.11 22.34 50.34 96.40 0.0746 0.1353
2016-07-23 12:24:42 421.91 28.16 22.37 50.34 96.38 0.0746 0.1354
2016-07-23 12:24:43 421.94 28.18 22.38 50.37 96.38 0.0746 0.1355
2016-07-23 12:24:44 422.11 28.16 22.37 50.37 96.40 0.0747 0.1354
2016-07-23 12:24:45 422.17 28.15 22.37 50.34 96.42 0.0747 0.1355
2016-07-23 12:24:46 422.29 28.15 22.37 50.34 96.42 0.0747 0.1355
2016-07-23 12:24:47 421.91 28.14 22.37 50.34 96.42 0.0747 0.1354
2016-07-23 12:24:48 422.44 28.16 22.38 50.34 96.42 0.0747 0.1355
2016-07-23 12:24:49 422.62 28.19 22.39 50.34 96.42 0.0748 0.1356
2016-07-23 12:24:50 422.86 28.20 22.40 50.34 96.40 0.0748 0.1356
2016-07-23 12:24:51 423.26 28.20 22.40 50.34 96.40 0.0748 0.1356
2016-07-23 12:24:52 423.79 28.23 22.41 50.34 96.40 0.0749 0.1357
2016-07-23 12:24:53 423.80 28.26 22.43 50.34 96.40 0.0749 0.1358
2016-07-23 12:24:54 423.93 28.28 22.44 50.34 96.38 0.0749 0.1358
2016-07-23 12:24:55 423.91 28.27 22.43 50.34 96.38 0.0749 0.1358
2016-07-23 12:24:56 423.40 28.29 22.45 50.34 96.40 0.0749 0.1358
2016-07-23 12:24:57 423.23 28.27 22.43 50.37 96.38 0.0748 0.1357
2016-07-23 12:24:58 422.75 28.22 22.41 50.37 96.40 0.0748 0.1356
2016-07-23 12:24:59 423.23 28.20 22.40 50.34 96.40 0.0748 0.1356
2016-07-23 12:25:00 423.54 28.20 22.39 50.34 96.38 0.0749 0.1356
2016-07-23 12:25:01 423.34 28.19 22.39 50.34 96.40 0.0748 0.1356
2016-07-23 12:25:02 424.30 28.21 22.40 50.34 96.40 0.0750 0.1356
2016-07-23 12:25:03 424.62 28.23 22.42 50.34 96.40 0.0750 0.1357
2016-07-23 12:25:04 424.74 28.27 22.43 50.34 96.38 0.0750 0.1358
2016-07-23 12:25:05 425.11 28.28 22.44 50.34 96.38 0.0750 0.1358
