"2016-07-22 at 16:15"
Date(Y-M-D) Time(H:M:S) CO2(ppm) H2O(ppt) H2O(C) Cell_Temperature(C) Cell_Pressure(kPa) CO2_Absorption H2O_Absorption
2016-07-22 16:15:11 380.07 11.36 8.31 50.32 96.78 0.0693 0.0741
2016-07-22 16:15:12 380.12 11.36 8.31 50.32 96.78 0.0693 0.0741
2016-07-22 16:15:13 380.12 11.36 8.31 50.32 96.80 0.0693 0.0741
2016-07-22 16:15:14 381.24 11.39 8.34 50.32 96.80 0.0695 0.0742
2016-07-22 16:15:15 382.13 11.44 8.41 50.32 96.79 0.0696 0.0745
2016-07-22 16:15:16 382.93 11.49 8.48 50.32 96.83 0.0697 0.0747
2016-07-22 16:15:17 383.47 11.53 8.52 50.32 96.80 0.0698 0.0749
2016-07-22 16:15:18 383.65 11.54 8.53 50.32 96.78 0.0698 0.0749
2016-07-22 16:15:19 383.36 11.52 8.52 50.32 96.82 0.0698 0.0748
2016-07-22 16:15:20 382.59 11.51 8.51 50.32 96.84 0.0697 0.0748
2016-07-22 16:15:21 382.04 11.48 8.47 50.32 96.86 0.0696 0.0747
2016-07-22 16:15:22 381.98 11.48 8.48 50.32 96.89 0.0696 0.0747
2016-07-22 16:15:23 382.60 11.49 8.50 50.32 96.91 0.0697 0.0748
2016-07-22 16:15:24 381.78 11.57 8.59 50.32 96.92 0.0696 0.0751
2016-07-22 16:15:25 382.68 11.66 8.70 50.34 96.88 0.0697 0.0755
2016-07-22 16:15:26 383.41 11.76 8.84 50.34 96.91 0.0698 0.0760
2016-07-22 16:15:27 384.10 11.86 8.96 50.34 96.91 0.0699 0.0765
2016-07-22 16:15:28 384.23 11.96 9.09 50.34 96.92 0.0699 0.0770
2016-07-22 16:15:29 385.14 12.03 9.17 50.34 96.92 0.0701 0.0773
2016-07-22 16:15:30 385.66 12.10 9.25 50.34 96.90 0.0701 0.0776
2016-07-22 16:15:31 385.32 12.13 9.30 50.34 96.93 0.0701 0.0778
2016-07-22 16:15:32 385.51 12.20 9.38 50.34 96.89 0.0701 0.0780
2016-07-22 16:15:33 386.22 12.26 9.45 50.34 96.89 0.0702 0.0783
2016-07-22 16:15:34 386.63 12.31 9.52 50.34 96.89 0.0703 0.0785
2016-07-22 16:15:35 386.43 12.36 9.57 50.34 96.91 0.0702 0.0788
2016-07-22 16:15:36 387.14 12.41 9.63 50.34 96.91 0.0703 0.0790
2016-07-22 16:15:37 387.65 12.45 9.68 50.34 96.91 0.0704 0.0792
2016-07-22 16:15:38 387.46 12.49 9.73 50.34 96.93 0.0704 0.0794
2016-07-22 16:15:39 387.70 12.54 9.79 50.34 96.91 0.0704 0.0796
2016-07-22 16:15:40 388.07 12.56 9.81 50.34 96.91 0.0705 0.0797
2016-07-22 16:15:41 388.02 12.60 9.86 50.34 96.91 0.0705 0.0798
2016-07-22 16:15:42 387.86 12.63 9.89 50.34 96.91 0.0704 0.0800
2016-07-22 16:15:43 388.12 12.67 9.94 50.34 96.91 0.0705 0.0802
2016-07-22 16:15:44 388.08 12.69 9.97 50.34 96.93 0.0705 0.0803
2016-07-22 16:15:45 388.01 12.71 9.99 50.34 96.93 0.0705 0.0804
2016-07-22 16:15:46 388.50 12.74 10.02 50.34 96.89 0.0705 0.0805
2016-07-22 16:15:48 389.33 12.76 10.05 50.34 96.91 0.0706 0.0806
2016-07-22 16:15:49 389.56 12.80 10.09 50.34 96.89 0.0706 0.0807
2016-07-22 16:15:50 389.67 12.82 10.12 50.34 96.91 0.0707 0.0809
2016-07-22 16:15:51 389.88 12.84 10.15 50.34 96.91 0.0707 0.0809
2016-07-22 16:15:52 390.23 12.88 10.19 50.34 96.91 0.0708 0.0811
2016-07-22 16:15:53 389.99 12.91 10.22 50.34 96.91 0.0707 0.0812
2016-07-22 16:15:54 390.36 12.92 10.23 50.34 96.91 0.0708 0.0813
2016-07-22 16:15:55 390.21 12.93 10.25 50.34 96.93 0.0708 0.0813
2016-07-22 16:15:56 390.59 12.97 10.29 50.34 96.87 0.0708 0.0815
2016-07-22 16:15:57 390.41 12.98 10.31 50.34 96.91 0.0708 0.0816
2016-07-22 16:15:58 390.87 13.01 10.33 50.34 96.91 0.0708 0.0817
2016-07-22 16:15:59 390.33 13.02 10.35 50.34 96.93 0.0708 0.0817
2016-07-22 16:16:00 391.03 13.05 10.38 50.34 96.91 0.0709 0.0819
2016-07-22 16:16:01 391.16 13.06 10.40 50.34 96.93 0.0709 0.0819
2016-07-22 16:16:02 391.35 13.07 10.41 50.34 96.91 0.0709 0.0820
2016-07-22 16:16:03 391.97 13.09 10.43 50.34 96.89 0.0710 0.0820
2016-07-22 16:16:04 392.24 13.11 10.45 50.34 96.91 0.0710 0.0821
2016-07-22 16:16:05 392.42 13.12 10.46 50.34 96.91 0.0711 0.0821
2016-07-22 16:16:06 392.47 13.14 10.48 50.34 96.91 0.0711 0.0822
2016-07-22 16:16:07 392.68 13.15 10.50 50.34 96.91 0.0711 0.0823
2016-07-22 16:16:08 392.81 13.16 10.52 50.34 96.93 0.0711 0.0824
2016-07-22 16:16:09 393.04 13.18 10.54 50.34 96.91 0.0711 0.0824
2016-07-22 16:16:10 393.26 13.20 10.55 50.34 96.91 0.0712 0.0825
2016-07-22 16:16:11 393.39 13.20 10.56 50.34 96.89 0.0712 0.0825
2016-07-22 16:16:12 393.71 13.22 10.58 50.34 96.91 0.0712 0.0826
2016-07-22 16:16:13 393.17 13.22 10.58 50.34 96.91 0.0712 0.0826
2016-07-22 16:16:14 393.44 13.22 10.58 50.34 96.93 0.0712 0.0826
2016-07-22 16:16:15 393.85 13.24 10.60 50.34 96.91 0.0712 0.0827
2016-07-22 16:16:16 394.31 13.25 10.61 50.34 96.91 0.0713 0.0827
2016-07-22 16:16:17 394.17 13.25 10.62 50.34 96.91 0.0713 0.0827
2016-07-22 16:16:18 394.41 13.26 10.62 50.34 96.87 0.0713 0.0828
2016-07-22 16:16:19 394.44 13.26 10.63 50.34 96.89 0.0713 0.0828
2016-07-22 16:16:20 394.52 13.27 10.64 50.34 96.91 0.0713 0.0828
2016-07-22 16:16:21 394.90 13.28 10.65 50.34 96.91 0.0714 0.0829
2016-07-22 16:16:22 394.90 13.28 10.65 50.34 96.91 0.0714 0.0829
2016-07-22 16:16:23 394.82 13.29 10.66 50.34 96.91 0.0714 0.0829
2016-07-22 16:16:24 395.02 13.29 10.66 50.34 96.91 0.0714 0.0829
2016-07-22 16:16:25 395.59 13.30 10.67 50.34 96.91 0.0715 0.0830
2016-07-22 16:16:26 395.25 13.30 10.67 50.34 96.91 0.0714 0.0830
2016-07-22 16:16:27 395.20 13.30 10.67 50.34 96.91 0.0714 0.0830
2016-07-22 16:16:28 395.76 13.31 10.68 50.34 96.91 0.0715 0.0830
2016-07-22 16:16:29 395.54 13.31 10.69 50.34 96.91 0.0715 0.0830
2016-07-22 16:16:30 395.36 13.32 10.69 50.34 96.93 0.0715 0.0831
2016-07-22 16:16:31 395.45 13.32 10.69 50.34 96.91 0.0715 0.0830
2016-07-22 16:16:32 396.12 13.33 10.70 50.34 96.89 0.0715 0.0831
2016-07-22 16:16:33 395.96 13.33 10.70 50.34 96.89 0.0715 0.0831
2016-07-22 16:16:34 396.22 13.34 10.71 50.34 96.93 0.0716 0.0831
2016-07-22 16:16:35 396.25 13.34 10.71 50.34 96.91 0.0716 0.0831
2016-07-22 16:16:36 396.48 13.35 10.72 50.34 96.91 0.0716 0.0832
2016-07-22 16:16:37 396.18 13.36 10.74 50.34 96.91 0.0716 0.0832
2016-07-22 16:16:38 396.17 13.35 10.73 50.34 96.91 0.0716 0.0832
2016-07-22 16:16:39 397.06 13.36 10.74 50.34 96.89 0.0717 0.0832
2016-07-22 16:16:40 396.72 13.35 10.73 50.34 96.91 0.0716 0.0832
2016-07-22 16:16:41 396.98 13.35 10.73 50.34 96.93 0.0717 0.0832
2016-07-22 16:16:42 397.52 13.35 10.72 50.34 96.91 0.0717 0.0832
2016-07-22 16:16:43 398.23 13.35 10.73 50.34 96.93 0.0718 0.0832
2016-07-22 16:16:44 397.51 13.36 10.74 50.34 96.93 0.0717 0.0832
2016-07-22 16:16:45 398.20 13.36 10.74 50.34 96.91 0.0718 0.0832
2016-07-22 16:16:46 397.96 13.36 10.74 50.34 96.93 0.0718 0.0832
2016-07-22 16:16:47 398.15 13.35 10.73 50.34 96.93 0.0718 0.0832
2016-07-22 16:16:48 398.50 13.37 10.75 50.34 96.91 0.0719 0.0833
2016-07-22 16:16:49 399.12 13.37 10.75 50.34 96.91 0.0719 0.0833
2016-07-22 16:16:50 398.81 13.35 10.73 50.34 96.93 0.0719 0.0832
2016-07-22 16:16:51 399.33 13.36 10.74 50.34 96.91 0.0720 0.0832
2016-07-22 16:16:52 399.21 13.36 10.74 50.34 96.93 0.0720 0.0832
2016-07-22 16:16:53 399.66 13.37 10.75 50.34 96.91 0.0720 0.0833
2016-07-22 16:16:54 399.33 13.35 10.73 50.34 96.93 0.0720 0.0832
2016-07-22 16:16:55 399.62 13.36 10.74 50.34 96.91 0.0720 0.0832
2016-07-22 16:16:56 400.46 13.35 10.73 50.34 96.91 0.0721 0.0832
2016-07-22 16:16:57 398.75 13.36 10.74 50.34 96.93 0.0719 0.0832
2016-07-22 16:16:58 400.00 13.34 10.71 50.34 96.93 0.0721 0.0831
2016-07-22 16:16:59 399.80 13.33 10.70 50.34 96.93 0.0720 0.0831
2016-07-22 16:17:00 400.43 13.32 10.70 50.34 96.93 0.0721 0.0831
2016-07-22 16:17:01 399.91 13.31 10.69 50.34 96.95 0.0721 0.0830
2016-07-22 16:17:02 402.26 13.30 10.67 50.34 96.91 0.0724 0.0830
2016-07-22 16:17:03 401.16 13.31 10.68 50.34 96.93 0.0722 0.0830
2016-07-22 16:17:04 401.86 13.31 10.69 50.34 96.91 0.0723 0.0830
2016-07-22 16:17:05 401.90 13.31 10.68 50.34 96.91 0.0723 0.0830
2016-07-22 16:17:06 402.00 13.30 10.68 50.34 96.93 0.0723 0.0830
2016-07-22 16:17:07 402.15 13.31 10.68 50.34 96.91 0.0723 0.0830
2016-07-22 16:17:08 401.97 13.31 10.68 50.34 96.91 0.0723 0.0830
2016-07-22 16:17:09 402.35 13.30 10.67 50.34 96.91 0.0724 0.0830
2016-07-22 16:17:10 402.25 13.30 10.67 50.34 96.91 0.0724 0.0830
2016-07-22 16:17:11 402.30 13.30 10.68 50.34 96.91 0.0724 0.0830
2016-07-22 16:17:12 402.51 13.30 10.67 50.34 96.91 0.0724 0.0830
2016-07-22 16:17:13 402.39 13.29 10.66 50.34 96.93 0.0724 0.0829
2016-07-22 16:17:14 402.18 13.30 10.67 50.34 96.93 0.0724 0.0830
2016-07-22 16:17:15 402.89 13.30 10.67 50.34 96.91 0.0724 0.0830
2016-07-22 16:17:16 402.96 13.30 10.67 50.34 96.91 0.0725 0.0830
2016-07-22 16:17:17 403.13 13.30 10.67 50.34 96.91 0.0725 0.0830
2016-07-22 16:17:18 403.50 13.30 10.67 50.34 96.91 0.0725 0.0829
2016-07-22 16:17:19 403.73 13.30 10.67 50.34 96.91 0.0725 0.0829
2016-07-22 16:17:20 403.85 13.31 10.68 50.34 96.93 0.0726 0.0830
2016-07-22 16:17:21 403.75 13.29 10.66 50.34 96.93 0.0726 0.0829
2016-07-22 16:17:22 403.69 13.29 10.66 50.34 96.93 0.0726 0.0829
2016-07-22 16:17:23 403.23 13.29 10.66 50.34 96.93 0.0725 0.0829
2016-07-22 16:17:24 403.65 13.29 10.66 50.34 96.93 0.0726 0.0829
2016-07-22 16:17:25 404.28 13.29 10.65 50.34 96.91 0.0726 0.0829
2016-07-22 16:17:26 404.60 13.30 10.67 50.34 96.91 0.0727 0.0829
2016-07-22 16:17:27 404.47 13.29 10.66 50.34 96.93 0.0727 0.0829
2016-07-22 16:17:28 404.42 13.28 10.65 50.34 96.95 0.0727 0.0829
2016-07-22 16:17:29 405.06 13.29 10.66 50.34 96.91 0.0727 0.0829
2016-07-22 16:17:30 404.70 13.28 10.65 50.34 96.93 0.0727 0.0829
2016-07-22 16:17:31 404.78 13.28 10.66 50.34 96.93 0.0727 0.0829
2016-07-22 16:17:32 405.20 13.29 10.66 50.34 96.91 0.0727 0.0829
2016-07-22 16:17:33 405.38 13.29 10.66 50.34 96.91 0.0728 0.0829
2016-07-22 16:17:34 405.34 13.28 10.65 50.34 96.89 0.0727 0.0829
2016-07-22 16:17:35 405.22 13.29 10.66 50.34 96.93 0.0728 0.0829
2016-07-22 16:17:36 405.18 13.27 10.64 50.34 96.93 0.0728 0.0829
2016-07-22 16:17:37 404.75 13.28 10.65 50.34 96.93 0.0727 0.0829
2016-07-22 16:17:38 405.25 13.28 10.65 50.34 96.93 0.0728 0.0829
2016-07-22 16:17:39 405.14 13.29 10.66 50.34 96.91 0.0727 0.0829
2016-07-22 16:17:40 404.94 13.27 10.64 50.34 96.93 0.0727 0.0828
2016-07-22 16:17:41 405.83 13.28 10.65 50.34 96.93 0.0728 0.0829
2016-07-22 16:17:42 406.27 13.27 10.63 50.34 96.93 0.0729 0.0828
2016-07-22 16:17:43 406.77 13.27 10.64 50.34 96.95 0.0730 0.0828
2016-07-22 16:17:44 407.00 13.27 10.64 50.34 96.93 0.0730 0.0828
2016-07-22 16:17:45 407.04 13.27 10.64 50.34 96.95 0.0730 0.0828
2016-07-22 16:17:46 407.08 13.27 10.64 50.34 96.93 0.0730 0.0828
2016-07-22 16:17:47 407.11 13.28 10.65 50.34 96.93 0.0730 0.0829
2016-07-22 16:17:48 407.01 13.28 10.65 50.34 96.93 0.0730 0.0829
2016-07-22 16:17:49 406.79 13.27 10.64 50.34 96.95 0.0730 0.0829
2016-07-22 16:17:50 406.79 13.28 10.64 50.34 96.93 0.0730 0.0829
2016-07-22 16:17:51 406.35 13.27 10.64 50.34 96.93 0.0729 0.0828
2016-07-22 16:17:52 406.73 13.29 10.66 50.34 96.91 0.0729 0.0829
2016-07-22 16:17:53 406.50 13.29 10.66 50.34 96.93 0.0729 0.0829
2016-07-22 16:17:54 406.39 13.28 10.66 50.34 96.93 0.0729 0.0829
2016-07-22 16:17:55 407.07 13.30 10.67 50.34 96.93 0.0730 0.0830
2016-07-22 16:17:56 407.27 13.29 10.66 50.34 96.93 0.0730 0.0829
2016-07-22 16:17:57 408.78 13.28 10.65 50.34 96.93 0.0732 0.0829
2016-07-22 16:17:58 408.25 13.28 10.65 50.34 96.95 0.0732 0.0829
2016-07-22 16:17:59 408.64 13.29 10.66 50.34 96.95 0.0732 0.0829
2016-07-22 16:18:00 407.03 13.29 10.67 50.34 96.93 0.0730 0.0829
2016-07-22 16:18:01 408.15 13.28 10.65 50.34 96.95 0.0732 0.0829
2016-07-22 16:18:02 407.62 13.31 10.68 50.34 96.91 0.0731 0.0830
2016-07-22 16:18:03 407.96 13.30 10.67 50.34 96.93 0.0731 0.0830
2016-07-22 16:18:04 408.31 13.30 10.67 50.34 96.93 0.0732 0.0830
2016-07-22 16:18:05 410.41 13.30 10.67 50.34 96.93 0.0734 0.0830
2016-07-22 16:18:06 409.02 13.32 10.70 50.34 96.93 0.0733 0.0831
2016-07-22 16:18:07 408.81 13.32 10.70 50.34 96.93 0.0732 0.0831
2016-07-22 16:18:08 409.13 13.33 10.70 50.34 96.91 0.0733 0.0831
2016-07-22 16:18:09 408.38 13.32 10.70 50.34 96.93 0.0732 0.0831
2016-07-22 16:18:10 408.40 13.34 10.71 50.34 96.93 0.0732 0.0831
2016-07-22 16:18:11 409.04 13.34 10.72 50.34 96.93 0.0733 0.0831
2016-07-22 16:18:13 408.96 13.34 10.72 50.34 96.95 0.0733 0.0831
2016-07-22 16:18:14 409.33 13.35 10.72 50.34 96.91 0.0733 0.0832
2016-07-22 16:18:15 409.56 13.36 10.73 50.34 96.91 0.0733 0.0832
2016-07-22 16:18:16 409.56 13.35 10.73 50.34 96.93 0.0733 0.0832
2016-07-22 16:18:17 409.39 13.36 10.74 50.34 96.91 0.0733 0.0832
2016-07-22 16:18:18 409.51 13.36 10.74 50.34 96.93 0.0733 0.0832
2016-07-22 16:18:19 409.64 13.38 10.76 50.34 96.91 0.0733 0.0833
2016-07-22 16:18:20 409.51 13.37 10.75 50.34 96.91 0.0733 0.0833
2016-07-22 16:18:21 409.53 13.37 10.75 50.34 96.93 0.0733 0.0833
2016-07-22 16:18:22 409.58 13.37 10.75 50.34 96.93 0.0733 0.0833
2016-07-22 16:18:23 409.44 13.38 10.77 50.34 96.91 0.0733 0.0833
2016-07-22 16:18:24 410.08 13.39 10.77 50.34 96.91 0.0734 0.0834
2016-07-22 16:18:25 410.67 13.39 10.77 50.34 96.91 0.0735 0.0833
2016-07-22 16:18:26 410.15 13.38 10.77 50.34 96.93 0.0734 0.0833
2016-07-22 16:18:27 410.56 13.39 10.77 50.34 96.91 0.0735 0.0833
2016-07-22 16:18:28 410.92 13.38 10.77 50.34 96.91 0.0735 0.0833
2016-07-22 16:18:29 410.37 13.37 10.76 50.34 96.93 0.0734 0.0833
2016-07-22 16:18:30 410.41 13.38 10.76 50.34 96.91 0.0734 0.0833
2016-07-22 16:18:31 411.10 13.39 10.77 50.34 96.91 0.0735 0.0833
2016-07-22 16:18:32 410.93 13.38 10.77 50.34 96.93 0.0735 0.0833
2016-07-22 16:18:33 410.96 13.38 10.76 50.34 96.93 0.0735 0.0833
2016-07-22 16:18:34 411.46 13.38 10.76 50.34 96.91 0.0736 0.0833
2016-07-22 16:18:35 411.36 13.37 10.76 50.34 96.93 0.0736 0.0833
2016-07-22 16:18:36 411.18 13.37 10.75 50.34 96.91 0.0735 0.0833
2016-07-22 16:18:37 411.49 13.38 10.76 50.34 96.91 0.0736 0.0833
2016-07-22 16:18:38 412.01 13.38 10.77 50.34 96.91 0.0736 0.0833
2016-07-22 16:18:39 412.11 13.40 10.77 50.34 96.89 0.0736 0.0834
2016-07-22 16:18:40 412.30 13.41 10.79 50.34 96.89 0.0737 0.0834
2016-07-22 16:18:41 412.30 13.41 10.80 50.34 96.91 0.0737 0.0834
2016-07-22 16:18:42 412.04 13.41 10.80 50.34 96.91 0.0736 0.0835
2016-07-22 16:18:43 411.99 13.41 10.80 50.34 96.91 0.0736 0.0835
2016-07-22 16:18:44 412.17 13.42 10.80 50.34 96.93 0.0737 0.0835
2016-07-22 16:18:45 412.10 13.41 10.79 50.34 96.91 0.0737 0.0834
2016-07-22 16:18:46 412.60 13.43 10.81 50.34 96.89 0.0737 0.0835
